89 83
21171
48310
84870
4919
66045
1400
62338
41538
84341
51970
87739
36281
94093
10297
86748
58855
66500
22082
48390
94021
28883
40283
26845
41566
85263
98202
40067
7185
89244
75478
74038
36565
87652
98496
61395
36173
60746
40971
45680
40282
44231
29673
1577
32253
4860
18343
89192
22607
7014
12217
78228
9034
18618
67694
38096
39228
44306
24081
26738
86532
84373
74121
78954
59457
98448
71433
26754
97615
91011
71431
27772
13482
8920
27410
21182
3690
54701
22183
47332
87868
86011
72008
24945
28602
98435
18392
21272
37996
90350
5 94093
5 83137
4 1277
5 38096
5 40282
5 47332
5 25720
5 55349
5 61395
5 77678
5 61395
5 86691
5 86372
5 95099
5 75478
4 7807
5 32253
5 40282
5 24563
4 1577
4 4860
5 54021
5 84870
4 7014
5 41538
5 72008
5 32253
5 47977
5 71430
5 44939
5 87739
4 2996
5 98435
5 98202
5 72008
4 2092
5 93424
5 29122
5 43925
5 94093
5 12650
4 1400
5 13779
5 80114
5 29093
5 90157
5 21171
5 55297
5 11716
5 78228
5 86532
5 31146
5 57838
5 29673
4 8920
5 30859
5 67694
5 41538
5 32253
5 87178
4 1851
4 5958
5 37996
5 87939
5 98202
4 3690
5 37319
5 83454
5 18392
5 80370
4 1577
5 94093
5 78385
5 34853
5 94093
5 18392
4 9034
5 94021
5 28602
5 40283
3 109
5 84870
5 50356
