95 81
6306787237009005269259388627022807699481396305978238888631194086535025515846962675192624923809232442
4689862887867744595753272968506728486281284590402189893580826867128797938559404204090185461967118070
8097468395575320005172340115974881224732866442793051348737907406724510584241702034686862370058105988
3912068741675444368470266714686024641987598133031323837554179981556208682134057982554696070507920587
8731826489336595675548936627190388631500075907479789812863361211714998884338786265733166926128944600
7956411164915519876095045602642888586900152987849802495354417046522891390612954448320055446832802527
7322522948456781019356057339825441293957359015442481401659582467819551986362364893713678289422971071
4975776645232620707558800961937546730312947732183903854829582514520815121401346797930329025744122739
8654970957312801656421321487699058058250637714127712676265047370451000707276281086793358455032225472
920121559729421580555608504878777143843365255322755265008638035545437159722857626198141505434125987
4381884297268236259825238617528014273286207574961598293642090572827125480307041385113567971451984266
8771643673608547230920039717509812310072693692722336755650720859797639418802156268281035567775777215
1644996803320159286911299208154230900607981551491162972480575946029587447634235709020285499056401696
4174146787593485285890095855272235405483643912167812220677467266601198628798326773898451476494384526
4046149431441628848393664393315205678163507106409415350033125194524553671868630700818736187777425084
4862062630033686834503608284725866526391739970240989008899396175084144113645402935461979622237907445
2765465590528398165070123274376055633415573936764457299358014400565390368013071023670762172771642613
3496284159696888730588686026538439825686813005727370321818272526261724065005462547164189516178490233
1196894556550889116840782429539675578886750820530105050141131261570040375093892125576682356798080325
7046256490425769588415415241721245243667402419607493240221394426349284296576659014381342981256184977
7329702414994729893693259585939362587740817117862873007511521224489919752592586725916535256929047727
7694442025298360069016450021144026434505750663012129797442881791973162475132407744887428205403190357
7045505193564540161417910809086871694014296806203715116262783984779331771501159530713154436568793801
5682604231166810643688798564171319674539814674701439427066597231177541760831260885759232434286830346
1662343070792024799079968664732860282590776156909060723943508901571309904572648168616333423379674552
7676673666891309621206228830477062257641825839609190407583331335857152966972615930505191584633490972
5583284331988872490367460254771240140216111142325840081345128539893603501868306713423870306734330380
8123488816675283725228265712495692158504856463780056590301194189563412408922933461472518117391350514
4190685938047276487767062983864069739783410967049930055644915058233845840643569048533830246188940280
8339337242882582127896543454158114105313471501089308357308228607462409548455172569751049336084459910
2873298360397475838458776068306543006338884357635954992338098224443293215343639234658800604747645461
7165226357115777805266766403662998827313703155557012325983020473673953739205647948110843403482600697
8032734881282089159879619426652929462726271346310202340539140208191152371312654523013795473117066964
7701625485496414587543110214429566821709730137602939981986485394393108495614921324890178138841452281
3271176913682124434643496152688466473554271603792066524792509304650469341960821536571519222182947025
3368072283642731906331673041777328506325575507615827206178816591692778116225467222551408554644148041
6693743821039554059661517667948092430370883612460726059878967965902720773964136766342423888569162834
6713492921016517137516031471262936849325799020718675239296171316662897418599814215231695089229530539
2069302425984127997188262632550341995237228580926393304897894058729896728536064391746710033092926511
7663118677376586213568469127916110466423935653777392119065337665871362942884103762992157631126235325
1040826525720439250901449320256572873342619467567178569082429459888296325544277331254089786758620160
4415484889753340616362322587928912983683699808799831560397696692943242534727640019391582244451878137
922061899326001602791037936434508042927061021126828362470886141883242540803006683016788942804277692
5494386851657201673871928524228379737526995094316989924130389637488709727859748230504289895117779195
9896192930019501036064832370608081182182347048157619286829504502062801253094203201690042466297337910
5333875666348974025168668999726340688936444102507908803485820195800059725660274581289448842196846202
9420025803296609531512439435099977645541209699437201573634078039330245903249746417894848059932819137
3335407904832858087569130625756086655946212886313316400772475939340281824855918996851947356234735689
5067578703512067806551251346100290240725839532962432204121736295318410710063698324971594028668653473
3142117603352434511548611467660952959082671215995768959932860017822063737536388940906184058160302741
2900963632338563150585508754079603181562596273535061856823628598239427721964864262094660978554261878
4510402267062169941149882439385890720497219569852828300200968444634333717205428772057289729818290466
9786771845720676727921159627299939994727115122938089453294986787396684451410640727129149021759793615
6194237842041726499240396653682914626086246936383213514876509408208776613800806283276373008511466142
8927425883493484121397014202392464698243205228804120458617469114800761528096606006862279324120608784
907771703320548794043365228922842918797828416283436947866234888338695140663625038331538913159496237
5720714741326989835664938790272307697511187519429950153160267608887673698007978073489291368456339010
2118614862613498030170498863849028531609298750421494762162520188219410014907291730884127732579851382
9872410664366496982103579289928835526179157518655326461434478617525211817613449121047626274462438001
3941958815545829041468518594998512087497261395049093725388787617193956851512834327305591798660893867
8928046418175146314951546513957242065061573212158133477569927468845548459320480506670436079844648695
9669893862105461694945469441037815488399529499486849729803724764658213462281598948640333481324982107
572008243672259266163948380038066399641025112770177689360637817860846002170189463459811991760554859
5438215678065955752411580207716737076671899418474463018813735355194016192389189173849321716275491227
7134480590180284612327864902937165853795601633786078109600092621475828311625188539048662847100972315
2987241008207001462677087330486322335275182134078610668821626375758771539285758972389851524384771987
9624995507655784774342189147251013562280129149511981947861967549466869791455351839405766888672627940
8491037355883606779882038540392452240404317717385933810293411637552661142587036909830483911814393028
5641301454511152471374269998452406698938327987237922486935958175650875621700070703461404087338277072
6703833263355797747903484966026498922429696691161789269521499215139664602182106552078847916457190513
9071573008228886078016102595976542481699192252506020592134820380555985794565571966618945827881048417
6389588217220795726378710457330338885458404138828279317137113169513273353573586496488738290386109367
3969111860995431706719221947020581696772056657172466390946500023828024260884732369455057218506455017
6613092796856237205845326598047515269163708749917323308620545095682137844059966759244970028009484626
4902782363701640859614049840492026893942386074352228000023616115866226017525174944620864241581913393
2181374009770539875891698792523115871362278096660414079057047377600631016600181023675181113307741289
6470264385446008067095373615745618588175660909723945613835017283384910605154197802585684878884340738
1938208880953753931040828279561916616885475493099766648044170950208414149830519582454776630812767979
479528942828836457361267173243185005228759416363787363212239418890431722678473482938555296055390762
9748808713053134260001404808109300288059008504966484892567434630105824979650971660735671834405786962
7058002214795562785417304274981514176796255709379663292001161592500081847808880500180319702164497744
2781992171712678959912830557677323480663203905814265970559140347449651174575777455688685592894678961
4889415520821344910301770697372834242899938413179614197766755638736392491639422685155203309103713066
9747234066452662820779848088841584062992176986617451207092981442989622625249766689482716404956652352
3933718384267287183031849679601015209309554504474864288289865003458125581554654570273677552152864438
5935119586393337318994220371916185015602655730927836709997976052488461917920594735329536279877003191
9391385101451008452753582387254878445876664354950838604404638728383368011873797800037730378434405574
7940541339210992820041390486546577996679675716172117519129866456771322470792697820813034047884351009
6647170487545500617831213607735068250278906265931420476758775670741399498620517943918529652080083974
2422454927401128827456960754579133083144990619736953164438853081098626172859589033429747792739428403
638429692020315154538817606580462461289698349144099376946368383772837392264199316638278888019896797
1669763168021451041281944429767261208821066348641579998941705302482446822637739997497638297667631737
6473162743426184262221413362185843789733902035276255355568717466495337263293956700355497604097101046
5089276032017099249703360612573667318804072278310189666729074607038604756447138117038272051713572265
8523745862277084839642780689864216800240712654445710084079341350707941707865022620133665916874746815
100 7372650565836309812440727271527594273948720639586562674966540847954451620780670959891705494302706636
100 6523581662429857635426327414697729169509620232094239586026108652765440495299878001747335305622997151
100 2118614862613498030170498863849028531609298750421494762162520188219410014907291730884127732579851382
99 981864691728454492897807413531757705504118311525626278238824208984679462644027070434088916757606311
100 4046149431441628848393664393315205678163507106409415350033125194524553671868630700818736187777425084
100 6713492921016517137516031471262936849325799020718675239296171316662897418599814215231695089229530539
100 4174146787593485285890095855272235405483643912167812220677467266601198628798326773898451476494384526
100 7676673666891309621206228830477062257641825839609190407583331335857152966972615930505191584633490972
100 9029975600033419580309466707776899641609155552408531195674726572593302973685599674396528834658590481
100 3194148030546096017777009183632769726629651298552056956206279368287775891441074510612470858333993169
100 3912068741675444368470266714686024641987598133031323837554179981556208682134057982554696070507920587
100 6814455192748199449840858043315728059104212845692006237487492148006534716618296843446172386480124933
100 4889415520821344910301770697372834242899938413179614197766755638736392491639422685155203309103713066
100 5940318969735829467095173996570489378136282939015948634478361985805805986186147411077781086990241998
100 6924865846912789169853722040066218396687336615222187845516823017068712752875889560933298887829207680
100 3405045539757141357023811841658256501009585041782679688550683048224577086417540352928532908574248236
100 9098081720598624180326639954140801786381830697719693059500285414978620254303652548684233860602048744
100 8097468395575320005172340115974881224732866442793051348737907406724510584241702034686862370058105988
100 6420868367055895626654723769719298209668281429966099988010061615059857403972459623571892797147536028
100 4889415520821344910301770697372834242899938413179614197766755638736392491639422685155203309103713066
100 5625400768932893738021120606909782008513102472041022062377075685644676553506033325303650756532794916
100 2069302425984127997188262632550341995237228580926393304897894058729896728536064391746710033092926511
100 2118614862613498030170498863849028531609298750421494762162520188219410014907291730884127732579851382
100 6658522196716434432022386370972826165952860573224901341859944101676845144992344856441114194044239839
100 3773218899989554221477372908070543785332662079682734734621359974156500752954132651257144920447496749
100 3909316540664858526238614751945411182923667615866653520184768461183397358845114990168871522274402650
100 7117203087365500782274841586312107062959601040943516964079171442970811632978097141010877186246813146
100 1142383998619553188078822950167508989454434851388985964648487604157521042027883394923594630832077751
100 4190685938047276487767062983864069739783410967049930055644915058233845840643569048533830246188940280
100 7640014755477348444636921148900390057686671040329524346263667761354071880546287130748622781391086478
99 485292640354088938815358973211043757804724580643637977409736118844465252723712082796619558119070429
100 2422454927401128827456960754579133083144990619736953164438853081098626172859589033429747792739428403
100 5641588962990441680044255162158631033258062163148470171451212810135320802950347621554919241638212858
100 2703368047487594862092106345039502973396601775591444437963811713798358066260186110986962590237831362
100 5089276032017099249703360612573667318804072278310189666729074607038604756447138117038272051713572265
100 3271176913682124434643496152688466473554271603792066524792509304650469341960821536571519222182947025
100 6703833263355797747903484966026498922429696691161789269521499215139664602182106552078847916457190513
99 907771703320548794043365228922842918797828416283436947866234888338695140663625038331538913159496237
100 5750701986977808852831374638867771072869051254748109809618822529042469147229974134666614356813690730
100 9489096610580244797159286193109975732033965580628343059224595981336449507679936825711034537061261792
100 2900963632338563150585508754079603181562596273535061856823628598239427721964864262094660978554261878
100 3812143029473372597429606963545267764813019755196775978179747107531959553573024720608344896580161685
100 8786568876979580168756304859927225746330968792739945535229875287383805053269274682644276354678722718
100 6470264385446008067095373615745618588175660909723945613835017283384910605154197802585684878884340738
100 8771643673608547230920039717509812310072693692722336755650720859797639418802156268281035567775777215
100 7663118677376586213568469127916110466423935653777392119065337665871362942884103762992157631126235325
100 3975845871439282005983098193538776167876398028937354218155477751096634549148727908952232688902686801
100 1218657318259602309802741277913930829345370661933892346748850649715992638054357597108288874626659308
100 5089276032017099249703360612573667318804072278310189666729074607038604756447138117038272051713572265
100 3271176913682124434643496152688466473554271603792066524792509304650469341960821536571519222182947025
100 8678798665498292276093348111874485131053536422715427887551744960162797787379486291563406960628101075
100 7448318798484396252698213505799546713252044531728088381018408823899009768829942322211941396173421062
100 1196885427469793347265254177862914813472458277257337512740789402458948078590411446119430438647206213
100 4862062630033686834503608284725866526391739970240989008899396175084144113645402935461979622237907445
100 9291814635171653006245370982257041341685812490137148811469968144614257356732452154171560107673191051
100 3946847657876809922893430177259205992908081902581564242442847021699533076704157432518707438138675440
100 2422454927401128827456960754579133083144990619736953164438853081098626172859589033429747792739428403
100 7329702414994729893693259585939362587740817117862873007511521224489919752592586725916535256929047727
100 8743255997289192428505283419897673032021392577433221674340182584725354005993392053470769770596413724
100 3142117603352434511548611467660952959082671215995768959932860017822063737536388940906184058160302741
100 5226749284880092946709166338613458368206103865541322933933145806189792717800836980061990043824276443
100 6004723295206756460702581147661460487202492688839740074564507276735583663063766359189922894766136592
100 4415484889753340616362322587928912983683699808799831560397696692943242534727640019391582244451878137
100 5761510645511378851731880714609335325289822293211938355894585067064521144901006751237792956654063298
100 8319036485724578006406808972365986937145923085290280124534610834923013907329861970676684920689380073
100 4587951982988102276086554742899498848687290481224739829722223015037543808628977020053443080313341237
100 6231974041714686827689343922306843564568461793422812572743593876275044695953165187732529807927197453
100 3271176913682124434643496152688466473554271603792066524792509304650469341960821536571519222182947025
100 6647170487545500617831213607735068250278906265931420476758775670741399498620517943918529652080083974
100 2781992171712678959912830557677323480663203905814265970559140347449651174575777455688685592894678961
100 3967363812715373923015393036609302657142701643628307132527623047765478024748223955512533441571831493
100 5067578703512067806551251346100290240725839532962432204121736295318410710063698324971594028668653473
100 5494386851657201673871928524228379737526995094316989924130389637488709727859748230504289895117779195
100 7179311057396934127474481427345493950506072903897136086548618010686239109051975487595643313992829651
100 1288215059097711721968406319862722269593549823300630049263163631511866817574960327843716622782956186
100 3831489820813364260979016633558966187726004877886918369974017774665607313913530916082845790139004973
100 3496284159696888730588686026538439825686813005727370321818272526261724065005462547164189516178490233
100 1144415749139580282656558098713857085832006709716320545897155881517457318962293302966323980428314574
100 8097468395575320005172340115974881224732866442793051348737907406724510584241702034686862370058105988
100 4848770478811162659944924608777589057961748479607397827113425843891654422588803017619616520760146506
100 9071573008228886078016102595976542481699192252506020592134820380555985794565571966618945827881048417
