91 80
5392809030145119668078966731915261637248246036430804827125358445632417561040480909699442166358835084
9123390967967017176581074598264941907614455769095727395249377621008621326409403371139355632040888016
9039205752340052703920284601399076086407746718732460602037978810830568270714565575676503588043009760
7482013102060953569990336283771125211791605843406704000318948438495438931655977542935885691905881005
7307640743959893622349000162083970015407447636677177790124441152648303891734129558162650135844759803
420040598852133848859118865675662966636227174556092088658298657891914792916282442300174106830616055
5136742818043877435959334895185594950975724277386458501160117252714620036430555059751218031869434336
7337003100855227735086867251406999856987643034743709942581157753791616764914556869848122890756717974
9977231742122041101776795005211479609162531290656044924219192188376902172422588643069195204597112723
2400108771877363236754178795844866351782842302145643892652895870145635024507527443580202841156634713
2336527732652140906630190351060684372587637234018799523596330064148231430912572875829141092186229728
7391151343783599948551013980019436076826860129788848271662020939002633141662802087253308673073938825
2303119810064169940166155727089240928646082886382932209458164293146149405315730263402327222372470572
1132218040253080397698238888153161115069819189250038754854788782093036196050872874971140056513190139
9728849297260188059606098047960992185594401923852469138303977943145138996479212052434651456850541699
5195113103466073849806147913536702475066330499362478850212664481427717446829768708509554918902376488
7544075715047765417663670617003238958502717440184282932048561447150368453742443483693155794457516851
4556738885675270836339123548460047606086462695837049852111671520648181685231208563332974081385878157
6474970679131622749898562547059011401036214795856192319788224448157990391771827366248775452165091056
1838249724484124007491423732542604749841765809569766096771323065566117181766504322917549852458927735
1252560173828808255638921408732978072352729272287759754629706269537241190968303868753485104759650468
6776523774576483990345666728683746075472122338553377494581645215009240652215715860053955874920585407
3642594814368343327277081601999382494719909091546032327976867729110828415969798166146618673667288335
624223534891630663097319119831166332837313182743761279111777304671733162126008042100568414156830781
8311596562140985823775224858554477160986648859977557690735503033912392449607121932013411227271791611
4299375806977715366389881399595851362145214534904802252914046103851683679418329632343744729037292779
8403886600068703863998614795333263938660359872613922483004977551610890330695710895350592197234103393
2319486491874367050262255168493078676831888278990337159146706844440537997542801430282216855546485746
3124162309458701385233702731128324953901356896484748511194839994030180053463041984259541980682204415
6928362332401015313490337942811976832611404475236458468579141040687700624062310001448500962919797157
7456864947604021031149203905439890518034355646373312126944834395260306953299599478826758232406559809
9151565639848417372127629172088237836890220541636581763099614013613605148258035689317574007195095317
5344871392580424929868265513577102186775906185548725800020707708138660847431706366794271899292633865
6691896184540316023837117546202653511259668726224034193010354044821242720074287380407690159284966850
3220115589437242853450517943887365065733400069666693872846111372897783768485061027023616678707239044
1907372697613255516958634851216140678148286007957260583801832542393568519226858430975183723513098674
112277936210874023598772401692872329850420059890325165974107746886097620599524344711739566236757179
6200165075924728424117978272134987603042758225889165819790502805804132826567834562824302456306591887
3688030404240921041860190905441456329486841384856244175123720104377944795869376970604590105901834578
9392079062038248550647546204766324856561380791283573388649727566704590772312606687105615890296121108
1577688092901316596187208687344514282449409967543423267871021667807776697503723348498828908662354641
2270565190640301696712476622970323922786939703591805807514355207307311145099821627397141632052503236
8214157685290489588957266829637428648991904964472556561802000633550549660177674764110665688499200392
3286323965418091217750000861468759677613396448539511059881131725999586551080522591230193192054131940
6325258834432853939921804560439636043379905232303309577163564765879893394170517918981089382565846661
7526580626393785853159337648556493452759760247501501292315665907230755437712254114877154334836170487
3175844242292166918112981711053016784622503118563174413396559846300005654821364821571341351224946085
8537528811527764257776196808244234326563614444503900226071342031470990227311775451346292337857685581
6906219394457375632479503104566388092640492643286604848440765440699497564280249574740894357205110787
3356865820309296984387143981730516524888833859447428610806874442469384068836152690587804295765494391
7866330708156721826700680849912158479555152932049398323482161740419177337065869701868816952748307537
95265378138132735433142420896614232910858750823109657763797517919938902655987401444652099749120815
921573833062236480477036642661433930770196445098904774052287933617117773272939682987974432562486340
346253481840881751317428596989332655100017237376726294368680738780292246715407095354823434953882037
640547729514732127564514578829369344535300123171424084724912881064516495960775299732228573047394719
4521967145684802070670399308514386716119840199269397474626278824812871237828168017007270733873284325
9892604402724090727800940840754682673464423144449070203390481423458324316826956525345838101791283153
4391763856878851994827878290211224193497352192159044766759207870642705832108689382679163870686123613
6409882323481922787956473240254495042843407355938347734525196653724772030529360358746597890606782002
6533310266627810583147848016055287380010957122868729180302008846426661242477458894086001981075836436
3295425816327592167095476019101464935206808460359389145277858773676740530622426903052058260351067761
8679204099255276123659847822132450717117094957919663298027110173185472678282369698830651392166467255
2956979257248572297957181071261525727744582265360711432698104311098245021833796264054794207996839523
9027636047610658513739697430828113010204160321774145287581695756834110940594019566236387666331672838
7912960716771045458884736346701874383119868094297448676195405824700881449997272843767478532895365549
1653381276121476494853987206102236023388470938458178421626882300140259031421305463659156494203495518
8121784456263129991592594700924111661819626388784511749155393405325845012806499979209750934457603515
1089760777209821242417291469248866446104637233129383772953450282957867775046474361263527982821751167
3662562032777201053143137142669526440873770932696444098730748995524951769095601588865967409790186738
9301893956097951083907728520414909250031015004498119928277682611242536604485587223386764901380833736
5897758235674077773814244662543298475083589062448630535430045258413815483402470878632975455626322046
9197849314654035119778309408488174036816351669659668815090967072605805027352294468497700067894455727
7158939021419690036241608636565102520180123563860097718960785361912024551595160409991701839715795548
4970444317208855631610168157188995763988416290173548342360666210112044066431629993648491680362058056
4898185200562697722957283601176862518496761645582530511135570137994359143953913051342197636217974639
9880389563519353904008052769742002931323559060371625221252028122518795817057335593969182815181967363
9772552121329942062378625098616962266019325580126979897144171188761232686696090609752502823392125219
2746059817848755263525083871129004527147891477798552686218599890566973380009867719631722786914724160
2365644812696788585230954739973879946131350679660911814763945641467477684018348348671114632901091028
7339040893239749583883448096217704380960868037535064423088977267687972460752704578872711624165861221
7930180799639504002876753138616121322802451506420533368919324478926789683377615649979578838441823758
5957617012139734691782903444193283290239740203983367865932685354819728902614287543564485831818618641
4930790356362410566210061989373272752643386806264929119137780972175798460737650695857409165450215323
490018836671004791940462944183532622819238635841899482331034970435736845336212058342477313760139693
4610321356038682214819512449593026040230927873098884125327035011206794218934657763204626056118777653
1674284285540787415536686188171843377878869899889724979009164019702135105370254590182563666301595985
9280393087547374071648131579737817826846080392064442736236190642723858635786076311759799712591863922
5710917163962289846863657566983945147022360008668202485639811459118063180231101047136074237166664972
8346568590363088446205055370938224221456667955708641920238355616403079864103902262767364658399131068
2983814844475620434430373313426254079946805872772291989893439362062451351780646202863766690240663125
7063980618489011553038970530893414248832604513628602225625200950415824360903077883729134236824632334
100 8679204099255276123659847822132450717117094957919663298027110173185472678282369698830651392166467255
100 1577688092901316596187208687344514282449409967543423267871021667807776697503723348498828908662354641
100 2336527732652140906630190351060684372587637234018799523596330064148231430912572875829141092186229728
100 9957683054755885009924838464322632795177209901507606714646884207156768032454157119640653395058360096
100 9831027434343407075211575721728268779102663799182074517809136924804887088915048828945144784621034957
100 2746059817848755263525083871129004527147891477798552686218599890566973380009867719631722786914724160
100 6906219394457375632479503104566388092640492643286604848440765440699497564280249574740894357205110787
100 7391151343783599948551013980019436076826860129788848271662020939002633141662802087253308673073938825
100 6200165075924728424117978272134987603042758225889165819790502805804132826567834562824302456306591887
100 7391151343783599948551013980019436076826860129788848271662020939002633141662802087253308673073938825
100 7063980618489011553038970530893414248832604513628602225625200950415824360903077883729134236824632334
99 921573833062236480477036642661433930770196445098904774052287933617117773272939682987974432562486340
100 9101104645706614446983175526225916408468700455611741257124552331788219201422041264255448335664027901
100 7391151343783599948551013980019436076826860129788848271662020939002633141662802087253308673073938825
100 7337003100855227735086867251406999856987643034743709942581157753791616764914556869848122890756717974
100 5732191036197134914156715854363796488346600854279795930403418251262882575571031801794840801061839313
100 3627859364297664367210689754485346106063349769122236271014021035973921851157909136005249729258917549
100 7158939021419690036241608636565102520180123563860097718960785361912024551595160409991701839715795548
99 640547729514732127564514578829369344535300123171424084724912881064516495960775299732228573047394719
100 3175844242292166918112981711053016784622503118563174413396559846300005654821364821571341351224946085
100 4391763856878851994827878290211224193497352192159044766759207870642705832108689382679163870686123613
100 2065040551681465045559094220905339477476829448375567719523292340371142428378954714656268786210782988
99 112277936210874023598772401692872329850420059890325165974107746886097620599524344711739566236757179
100 1089760777209821242417291469248866446104637233129383772953450282957867775046474361263527982821751167
100 4171555160725706134318571598748767671063508565401253366666963752637725953197107235197385482186892525
100 6315000881287814955120669311199743494782807306963310704064694811021867871275361022342463633815284299
100 3688030404240921041860190905441456329486841384856244175123720104377944795869376970604590105901834578
100 2956979257248572297957181071261525727744582265360711432698104311098245021833796264054794207996839523
99 396147635942781221128820316107823724192571726789056655646474023827720865051366219531318535534826351
100 3642594814368343327277081601999382494719909091546032327976867729110828415969798166146618673667288335
100 2336527732652140906630190351060684372587637234018799523596330064148231430912572875829141092186229728
100 7063980618489011553038970530893414248832604513628602225625200950415824360903077883729134236824632334
99 624223534891630663097319119831166332837313182743761279111777304671733162126008042100568414156830781
100 9702708327054776739435690563979897120002176192162868054486959863393563762035047153967246113402006238
100 8289052175147214411692892216433591114975296278485091129232309565958492508432713778249651791483989046
100 5248368940318545688583317464145960962302296973472124055174001454678028966540650421365616238512796986
100 6776523774576483990345666728683746075472122338553377494581645215009240652215715860053955874920585407
100 7866330708156721826700680849912158479555152932049398323482161740419177337065869701868816952748307537
100 5136742818043877435959334895185594950975724277386458501160117252714620036430555059751218031869434336
100 8346568590363088446205055370938224221456667955708641920238355616403079864103902262767364658399131068
99 193815301456601500648406550021072056141941907515588721728406557029708636499875492481146334441240637
100 3642594814368343327277081601999382494719909091546032327976867729110828415969798166146618673667288335
100 9772552121329942062378625098616962266019325580126979897144171188761232686696090609752502823392125219
100 4833375199079070670873971858382574952363436403143177655517363617662763848150882984728784958758177024
100 9301893956097951083907728520414909250031015004498119928277682611242536604485587223386764901380833736
100 2319486491874367050262255168493078676831888278990337159146706844440537997542801430282216855546485746
100 5344871392580424929868265513577102186775906185548725800020707708138660847431706366794271899292633865
100 3220115589437242853450517943887365065733400069666693872846111372897783768485061027023616678707239044
100 1838249724484124007491423732542604749841765809569766096771323065566117181766504322917549852458927735
100 3257308732951566442274482801034745277454256723398431225261789588833340825140694869527822367617624360
99 921573833062236480477036642661433930770196445098904774052287933617117773272939682987974432562486340
100 1674284285540787415536686188171843377878869899889724979009164019702135105370254590182563666301595985
100 5203359774016689188537858295623690545985236178646528264056182310725687090022200667406120225049770597
100 1674284285540787415536686188171843377878869899889724979009164019702135105370254590182563666301595985
100 3122804779416259152435819689337330576818015924831626747985732485267824808541034018096469386650203372
100 7757511422878776015554833093432928234628027716460375967026903711767873710583270592090181677848144895
100 7930180799639504002876753138616121322802451506420533368919324478926789683377615649979578838441823758
100 2286935035673180394521123392008259648699045860040534898762088081561454283391685951203567816251758190
100 2498669388057677774413311828241208480302189526557252543585665897264884013701242942152047863642257573
100 1378293606129196733504403279600527682173751032512483808949632924854691826787131908133687146353343862
100 4299375806977715366389881399595851362145214534904802252914046103851683679418329632343744729037292779
100 7544075715047765417663670617003238958502717440184282932048561447150368453742443483693155794457516851
100 6776523774576483990345666728683746075472122338553377494581645215009240652215715860053955874920585407
100 2365644812696788585230954739973879946131350679660911814763945641467477684018348348671114632901091028
100 2983814844475620434430373313426254079946805872772291989893439362062451351780646202863766690240663125
99 411376928362781138958781374895469873985471624427667555248495922024179527799604146397783922560524683
100 5768747735428312477761553620462138499785533762893480685131557676502056876960086010016208122989974738
100 7339040893239749583883448096217704380960868037535064423088977267687972460752704578872711624165861221
100 8790770442985349235611833184284706372226634623855747288566111863726636677618984157346925410744368061
100 5136742818043877435959334895185594950975724277386458501160117252714620036430555059751218031869434336
100 3306405924275868115209577938848131248914779849510984903501961155779389582457564028496620609525449214
100 1680831699805632192285283810697287492267219970756464339863830738310806609356054338390395124853682316
100 9027636047610658513739697430828113010204160321774145287581695756834110940594019566236387666331672838
100 8257440738283828347158456312681828075523525568838060525154887714987188968642575659161323456734562273
100 6037571749341944996234301803543626823867705539218374826173873476233428208383205887306384270215017974
100 6410903430614547050042098475547912004119505634287235806539190377296582410845714297958839001833272186
100 1252560173828808255638921408732978072352729272287759754629706269537241190968303868753485104759650468
99 568577448089569249782603711122622757479123613158133470528544914857342707953303682531147801691283270
100 4928537788109924137636559933285153276558237730981455317224840899215345279338150289665323253748901762
99 921573833062236480477036642661433930770196445098904774052287933617117773272939682987974432562486340
