93 100
85761
38537
34356
55850
62599
79543
6116
94165
99681
84244
21203
18507
43518
61907
73081
68982
25741
7274
30975
29928
63058
99055
4911
87897
58898
30709
543
70396
15956
3910
42714
68776
79247
16035
66571
73769
37317
73302
96096
40954
92820
79931
78037
85106
58448
4806
71000
8583
37035
31444
65451
88795
52385
27126
71833
47886
76854
615
18110
99819
66103
48198
39460
34534
57532
65085
55735
5566
4143
98358
87410
4812
73338
83849
28186
57497
65720
68448
69854
61114
75552
71245
58719
95692
20611
53291
20300
14680
68390
26981
71682
76323
23793
5 71000
4 3450
5 28186
5 49784
5 29928
5 74584
5 62395
5 36851
5 72892
5 37317
5 73769
4 5566
5 73338
5 70396
3 114
5 79931
5 89342
5 15956
5 24423
5 68982
5 69854
5 55850
5 58719
5 23075
5 26329
5 95692
5 19962
4 7637
5 65720
5 94165
5 61353
5 18426
5 67771
5 49908
4 1844
4 5566
5 83415
5 87410
5 31504
5 30241
5 62424
5 84244
5 20977
5 30709
5 52501
5 78465
5 26981
5 87410
4 4681
4 3910
5 76323
5 47886
5 38540
5 55850
5 16305
5 15956
5 30463
5 85761
5 92820
5 33322
5 98581
5 50600
5 36219
5 68982
5 29928
5 42323
5 18507
5 63058
5 68390
5 37628
5 40954
5 79247
4 3910
5 71682
5 42079
5 22674
5 53190
4 6255
5 58719
4 2871
5 92347
5 84244
5 29627
5 84244
5 73081
5 45566
5 62912
5 30975
5 29639
5 61774
4 3910
4 4911
5 84244
5 84244
4 2051
5 99712
5 76323
5 74829
5 63058
4 6116
