83 81
63274
60516
94477
74522
26083
14633
64104
87358
55151
89831
6448
97128
60331
84550
62114
85816
39654
2232
63327
54454
49468
47659
76185
98124
56381
953
23660
47216
64708
80652
28662
10237
45245
2396
49444
44575
35366
69307
91588
17117
83877
65167
67110
11990
19556
9373
72332
50303
72558
24878
23309
97159
38357
67486
1805
26558
88302
38265
60322
23078
69705
74049
25193
60717
45348
98843
57592
14562
67365
39578
30706
27169
61788
7816
51692
34235
8937
9634
52679
27405
41470
52401
60478
4 2396
5 65167
5 42815
5 68590
5 67110
5 13687
5 60717
5 58361
5 10255
5 24755
5 84344
5 35366
5 63274
5 72153
5 97159
5 38357
5 76322
5 81025
5 17117
5 11714
4 9634
4 4924
5 83877
5 61953
5 56233
5 25194
4 7816
5 60331
5 60478
5 60331
5 74134
5 45348
5 49444
4 6975
5 18892
5 69307
5 82776
5 23458
5 56586
5 60114
5 60589
5 12609
5 49444
5 57284
5 38357
3 953
5 60331
5 38265
5 53147
4 7816
5 26558
5 72558
5 95046
5 52679
5 57592
5 64708
5 65167
5 69307
5 74522
5 86470
4 8937
5 99044
5 62114
5 30877
5 93586
5 30568
5 80652
5 58685
4 9634
5 67365
5 80652
5 83877
4 3327
5 11146
5 27169
4 7816
4 8937
5 44305
5 91588
5 80297
5 67486
