99 82
99958
48298
69570
89123
8607
10498
14164
25442
52793
55916
6322
1191
7509
65359
32535
49921
62317
71382
333
85451
14617
91300
89402
81076
96246
62060
17700
4265
37862
8153
36101
13944
34085
678
47795
82387
11759
45040
46380
33192
91121
80990
34009
24439
20520
25975
12291
44880
75141
84017
49727
32017
1581
58890
34129
5005
40178
7497
8867
64545
51559
88171
40553
12839
49646
66541
95804
2703
99641
34455
95883
99318
1668
44480
93675
40834
64065
96
16884
11239
34557
41361
69711
98453
60058
27692
44327
81194
85015
27044
97928
51842
53568
98948
85428
43969
94764
47465
95392
5 32681
5 95392
5 59855
5 44880
5 93675
4 5005
5 59609
5 36101
5 69570
5 85579
5 60058
5 74652
5 10498
5 23298
5 25769
5 26416
5 15518
5 69518
5 36101
5 99318
5 85428
5 32436
5 13944
5 85451
5 93521
5 41361
5 86255
5 40553
5 81416
5 83833
5 62317
4 5315
5 85428
5 89542
5 88320
5 90213
5 24577
5 99958
5 14164
5 45040
5 81076
5 32638
5 25975
5 12555
5 11239
5 81194
5 65359
5 87952
4 8607
5 99591
5 16878
5 85975
5 39958
5 10477
5 16560
5 92479
5 13246
5 32535
5 94629
5 24439
5 62317
5 49753
5 51353
4 9936
5 94848
5 12291
5 42206
5 13944
5 83686
5 34557
5 82387
5 73353
5 90696
5 33192
5 58277
5 11759
5 76328
4 5005
5 51559
4 8607
5 51559
5 86952
