98 94
31944
34749
54706
77279
67461
37911
9940
63876
27581
19612
79668
85155
52134
87335
82235
99540
79040
63554
86251
78671
93221
75474
42037
87347
78224
71866
23243
83471
8819
38166
44117
63813
61653
93524
57290
80404
59684
18834
7511
26245
48571
97943
28222
77320
72368
21515
79474
64464
28791
67126
1753
47440
14253
56753
14457
32070
28280
88933
77193
34417
69029
19785
9606
66155
1436
76904
40858
83255
95617
3847
76851
63071
73977
91863
3819
86475
57764
5607
47688
96738
5485
55833
11541
28207
2459
93074
29035
56586
99195
9357
45881
70368
5165
83917
11928
20597
42073
6160
5 87335
4 8587
5 45035
5 93524
5 31944
5 35344
5 99195
5 77320
5 64513
5 17556
5 48571
5 57290
5 86251
5 95946
5 32070
5 15351
4 3847
5 86251
5 70394
5 57122
4 6160
5 17823
5 19473
5 44117
5 93074
5 51386
5 47196
5 74619
5 19785
5 89645
5 65620
5 86690
5 87335
5 72875
5 54706
5 99863
5 21515
5 26667
3 727
5 76851
5 71255
5 83917
5 56753
5 66136
5 67126
5 56586
5 32387
5 57136
5 83917
5 83471
5 54594
5 61653
5 49704
4 9606
5 72368
5 27581
4 5607
4 8819
5 35745
5 91552
5 49759
5 15100
5 38204
5 78671
5 26245
5 18230
5 40382
5 87335
4 3847
5 79474
5 93221
5 87098
5 93524
4 9357
5 90963
5 57764
5 87557
4 1753
5 83471
5 80955
5 38862
5 53560
5 43389
5 50258
5 71866
4 9357
5 27262
5 81183
5 75416
4 5607
5 73055
5 94659
5 75927
5 75602
