95 98
25728
99247
36987
43072
92207
79314
85464
76094
60482
21464
50981
76510
80198
19784
72713
64119
74525
4156
84354
27830
65768
94690
40451
43662
66837
98653
35557
48964
58059
91644
19024
38571
43414
54330
38478
48228
71341
11485
10272
75551
39236
23281
1056
99136
6593
6468
23346
76551
49779
62406
46730
16559
83046
50112
46848
29228
66595
80582
18831
22589
66017
4796
48143
74719
1836
66779
33598
28371
26532
82398
7255
89232
38549
55990
83164
65298
51246
91837
94698
11390
88201
58903
9556
68431
73430
72190
95100
4148
54484
56650
33300
40121
91378
76851
86070
5 50981
5 89490
5 64119
5 85581
5 38743
5 11485
5 14614
5 92195
5 11390
4 8755
5 78265
5 79412
5 94690
4 7255
5 72190
4 8935
5 56650
5 85000
5 18880
5 82398
5 78692
5 71158
5 10494
5 80582
5 15221
5 48228
5 17523
4 5419
5 26532
5 54484
5 83164
5 99501
5 48964
5 43072
5 22589
5 43072
5 23281
5 44458
5 64752
5 56668
5 30853
5 11485
5 54330
5 35729
5 63012
5 99136
4 3711
5 94378
5 51246
5 35436
5 76551
4 6945
5 67967
5 74719
5 48723
5 60923
4 1167
4 4824
5 88201
5 46730
5 98653
5 84354
4 9423
5 54330
4 7255
5 54484
5 95347
5 37371
5 41161
5 16559
5 92207
5 98653
5 97802
5 11485
5 38549
5 84354
5 22438
5 83164
5 88857
5 23105
5 90007
5 94503
4 6593
5 51147
5 54378
5 72489
5 40121
5 48029
5 18584
5 33300
5 43072
5 11664
5 23281
5 94698
5 25728
4 4148
5 10272
5 54948
