95 100
7461514190009407750501138208603004271051305007584801672831303160998632142094568051852700373085093169
9453813239569827568042963027479845595450210664318375879736164623650777188871837983132108758133785974
2827138763625685396329893801970919958920440664436753982352599026033643090673835841811095142187202816
8776090869753729302633262385643270655857642326225379456727051507340195973916122251757313420382757591
7792532776983086439020598082556239386386358698976216827254609333118524761769859699099818328159326243
1695502615881904007178936817440826559122394938186970604893425195299274600170618906783899166150115735
8796625629862562897677337112270455045885100038676392878136242805202194183574118481439855558398163183
7225183148945623478362048917518676135177099665159000864275521565150595745727515062972904524849656203
2518899926699674172275332967792459855195805278601615574492821277128835809323335680620530081627758557
1010788998537531518909931845516562824754061603055080140225033636407564794778055252647064264068095011
4170317104362233248889682794323896702761617756409067055173100054140176230944800004638571113213948222
3449101423171989260960781724582440482920291379359838028462038939858260115765567429282053231057494847
3926139490969210443677833570808634124883641280458331030734834384582250424501965353138675401261604327
219214444664270446395676857014109009738269917717614734619190387480288070924505287786708899182516844
4409878712035423811883547540545598091845771925599321517165716960744961935063969749453299051669376164
8370714118799489052599437654344804944684199523330667160904636711578853793317407868636003645645565248
3900867100535398186872514393055115007417373631121318570541586627088574799704598708636069065880388424
2236902837715401832214636271805401178972883150181465263289411589145353661813715274074242273514413162
9625003602632052391028049255726748826389237455408497377283766682752320531134978954975191369878533136
6399777780139446513525367873799637393366491956858010143593756912486248977142398809283623440605197219
6005330307368855746244352928871046344522659131789552073235912086149457952551598658240445367353880302
1644164580310879213421767200154629299622710858295352485280360495434959800545237374105239747950733969
1148866747486723164694525620418993147839798265774624825989541670478442734983994677149304926396122081
302873052494613416365374479360468685441944651263275111255692425045287962986183108947203338882303711
3223002816640059901227233194184077818483884518126746074960355718777078189394166701167014395969423899
6412472939372307684742442699529825571516918122945694969015058127753409754934422734842666903981521362
1409652354980795621731148760615140490327035604413013308735307626518449199733912790478619641369887817
8528615455751430561900128240994135586163933540225280114880058112070656984021020626958917439892439707
6390232903617851382588004497703816861249116017929116696778196702699260304580046031621261928664308417
1527082157569755944943468895878907781237181358503205964866417457245735018304160358690062432018783765
4941031950057965087690895292886413689010013458157837671065755103483037472934717659684457303462690997
3981201189801823779540218315513765527224824641465610050843650998776756699177372678123527239582656392
2037722003668785386601473118405026885495806215913155295475656668441693305853689605856342322679649083
7666655885547755280514580626939560613402670238457616445687420147860306187991523521808453772653285172
4818018444296519152958298847089896115554336527261088016090373717594750688312050732319365182360545929
2361708228260249847982153398814616985745269063323119652661215641529055919714547080354947327030157080
5136169740148375775864832522021810850953093709401592413884546524933586499173628391374028488160759014
8586230836055667954747564018248946462188092107321986213322105925178918085341163304778278609325441004
4248852236709453130193363618065887795730300032623733943554027841576428681907764944543044150758679730
2476187435568446734375118387368944364367034697789918483010509160588863381603198804054289575115546072
3951787355491573837911145313535957569924978025251373452712859277879445085108618729699141092058579850
8421191387209694675106533510064870099358913138508400724275139375407699599173448046696856041132033798
7665661976732977948330325612716816052072075274032567469354348191252810232520219857770299274875348022
7146775085619464356319448370105995010260624278366919746172287652588069653956023760528517829794313410
5375157722662201321554569079386552162576097321096387830691398976000623672681299195400160396056147351
1354632825338775724191989612186497645218812974419531537180434250323669314012575567070264769064645613
7697575979490821643364210160312886099413939295633945259320610340161897855841136701393992149981061022
2225765539019517263350588733050830206013226144997516042404763585057229216858175268126372856895411529
67173952075457581647697173287994194164030982015107750276658115152976796173213452124760662891942606
161135292796887377591562589420568913484982525183733127116973788199132285887667619532109209274117153
2034858900048633447344334908526296287796506094758500471904424845983307765822971003603962025383031383
5204384901464534633213250705215440446819274754750492464120683624804419370979839671529867225427368396
5573270435314154491146847001389625377138025265325411184230634190662294500668223728173064922794574845
6819419397695291513062767849966400832996032026805179384028147662319638342269832310299504144727962759
480309130774806712568168468891086527487975064130256013320010232029441603985711497514216986650868240
7907344668891970601115677553986684842061551413253492495222637266847672048096271639467102353277434003
5368245250896987478885511456724451635794744219603154854217326035096306448724917282455813563731538205
2714614267062587894539915133534693932396967039249748132529424858694121058411949554164438058194120810
7016733360817410869156244956123965265229011618695530756329625046902004202387901516319075161794609664
3415477653250102537714466629543933743284153107247452184164670380912733402078550167932245100844110350
793615778681251623771236985681396381054446497491607927704199199682566944777648786789129130872058004
1319495076860407334820862172394612584091832278053492799886368924222119136662695695557631840147770104
7663610344261706016027440486548253557563687691406547976368625636477085299444590180318869345927593471
8550533310927928499965113823087155472036657231131655229422888077940904922522999988916626822928676553
619321482840815253324424197393130661281680114556467361749915638166916654144301561117478227030490523
2901925518819638603757098101102508325884008020758943904966665155401884661196165843110072059013732034
9885841406674219131369909874745029756291689314940349127157323646151686587452689524598613517456288920
5870198230333883982267370400141604958385550784661609668168912433044173407319068448211742864343092067
5746115004934942592188907223650680297608207063836027800883489813242857143344058829013597999691829759
7788039632286701259305256229330095627598214856342526290425846920507947022052002825307002321190735195
2150377605158194202294070336359680282998007226427127533958660584756534095442959215243496172906309613
9942536215811809539975702566177928026619395608181494530239612380485057219531324034455777932035993125
409132385134646358540657978647212809021052007646340845392412437191951869485590154761113142005459336
9149381551039121829466805393807229067294492567979214862931382435179592808572836188694618437325856573
5787515691559655123542953612805883711095280812265465549058361247081196364593620597537096358105129154
1383674514787199716098964710090263587387553396005152638704602845655463391490862371079325977711421173
8312991810997644798261437767389298792189054988428841072916979674540697007959798906818069712756027607
1583411930829986904772811085859085972227876506720479112495840969440066457401334021180206812048493811
153904082779934736147897064499447785943690964994387351945246340316615456968134616041147171890987856
7870831982366853016577333060991897619856201575519926211722708084852397059444612256799636981398991603
2933539449962292892839959422546412576744186676576391369353759024767347231327292962026072216942241866
6705836568083185386932291082441403515323755075121374752545135040731201113869951015266775227310654346
353822039126780145187080419768476406856879660432390220353493845660209801380164460410888671249969938
4421260563021067279457966260072893089956161407831858960510668037423974810010464260689672245200882579
7912403121732369846686786854822169585141751576483584164491777323711183873197248267564343074361458401
3759195180448970177999445356368971810291606145444611590138448750616210647662487625959410702404214900
5874517516991161017313420666875470083607111072192795940629959594937286382747723944131891680659331923
2405780747122259676405887458312737555520888367292835576034733281365735933338824329483676787654793797
7742047699481885306657341637254546631501647820993424508658860609948304647640079919787776689922637730
8836390631460240507306849055355402912864386406923316918332457818465926228082049526584937091532513483
3795271242651625157363786880712664397955796256677549734537847892599847443892445614613438801789371799
8031420448863236397938031597036276522712400847690370333983772399444333612605275880635451209971683142
8276463307204213450249823684265300813446293352129031523350697345767214273884152072999062442857869330
7108395893833744075525297448511660755882776413599418259993847228790010406329226793027957252892436830
2686489908563978455607438706052854148055118554262782056930386472624209138293082268300250176320085194
100 5489448979031216749849182640184503122419294914638849417162443138284427212101286045722387306365289754
100 4784193901330150382070425955495629179200057606719939870493942514332644375295669384307681736532897371
99 409132385134646358540657978647212809021052007646340845392412437191951869485590154761113142005459336
100 8586230836055667954747564018248946462188092107321986213322105925178918085341163304778278609325441004
100 9188113063023048889408436956308789649628796072144808638349022095096714215127950648790371250927022649
100 1825979398761979588512719125253612247762083781377024989311158346574267080888766357259931887044084684
100 6656992103728551796812635509070147130385785900872493082974012185518170517679321762218704049135976418
100 4673069077054111156711210253114547602856749546455202630200325980722498429889226727884613059008748665
99 969501749410164957978137484318085898486784413412413563432222573932859758442960968614847522305740603
100 7128523878865255489219249018344406578544574129994785337950381999412502757208554743594864568394931375
100 7792532776983086439020598082556239386386358698976216827254609333118524761769859699099818328159326243
100 5204384901464534633213250705215440446819274754750492464120683624804419370979839671529867225427368396
100 9750348353091005918145394501884056179956217710116822261810963967865969151856613265023836948980020464
100 7016733360817410869156244956123965265229011618695530756329625046902004202387901516319075161794609664
100 8247202670083776782008671366547725683258497822298537997164437449890091901275554956666884164778877693
100 9885841406674219131369909874745029756291689314940349127157323646151686587452689524598613517456288920
100 7067372642827912144894879993383023520264606504687773662230174607136489687397025364247592456163473498
100 3759195180448970177999445356368971810291606145444611590138448750616210647662487625959410702404214900
100 7232119343504297461087579620219834020418326782796786721547041330453673899976234712000115759211846715
100 3671107705645725601154648127487770095897768139104529070296304760254827659092261511180022946882556331
100 4008839283199129864496591940473775135020985881907339233134773610962130639686849783330186183559398879
100 4941031950057965087690895292886413689010013458157837671065755103483037472934717659684457303462690997
100 4658399753977643857781440790683877077953080538364393220161954438258204789004738621965714323735363295
100 8421191387209694675106533510064870099358913138508400724275139375407699599173448046696856041132033798
99 480309130774806712568168468891086527487975064130256013320010232029441603985711497514216986650868240
99 511566868084741995134213103821178812720264847378179773673991469809921458855406098793206926427602604
99 407618855224472098413955325669499223821782823991986598526866002227347803375743042433081061552274394
100 6390232903617851382588004497703816861249116017929116696778196702699260304580046031621261928664308417
100 9149381551039121829466805393807229067294492567979214862931382435179592808572836188694618437325856573
100 8550533310927928499965113823087155472036657231131655229422888077940904922522999988916626822928676553
99 409132385134646358540657978647212809021052007646340845392412437191951869485590154761113142005459336
100 7108395893833744075525297448511660755882776413599418259993847228790010406329226793027957252892436830
100 1354632825338775724191989612186497645218812974419531537180434250323669314012575567070264769064645613
100 6243054220465240049268727227149330033665286133167697781553656959462770171801571227263408606144322578
100 7870831982366853016577333060991897619856201575519926211722708084852397059444612256799636981398991603
100 2236902837715401832214636271805401178972883150181465263289411589145353661813715274074242273514413162
100 5787515691559655123542953612805883711095280812265465549058361247081196364593620597537096358105129154
100 8689051140541950232647477153347426260576591482734990815827191395240341364331384837425898901641486814
100 9988888147956834887246425233339351858151434281719978628436921687479383768564578680738755557117502437
100 4579255711798744402644065787410509652100758488878585242689558624479228188214171681674066961092982829
100 3759195180448970177999445356368971810291606145444611590138448750616210647662487625959410702404214900
99 793615778681251623771236985681396381054446497491607927704199199682566944777648786789129130872058004
100 2037722003668785386601473118405026885495806215913155295475656668441693305853689605856342322679649083
100 8357492619478292070010689612075489320313447371801580414211997837256200957711689738760481915399522399
99 207007446039553715666522766224863208283689989394670147760998747397347458505775486674723549893970166
100 6740577122309392448193785819458638576799557392261921007422009086795017644522995843724387489848066564
100 2714614267062587894539915133534693932396967039249748132529424858694121058411949554164438058194120810
100 9009497203968595730970478015810533284393289997874089457111891735745104730088206206931100893730928577
100 9001281737784140594051480653378854445509976224383179860111851577928676935746509013699950620881963378
99 853533205677576135799744717485441071235654101255690468957622013648536664803752397783960783455235198
100 9921523802719579213914278376360758065151916428909408619362823813454330142439654122285469834288497175
100 3415477653250102537714466629543933743284153107247452184164670380912733402078550167932245100844110350
100 8836390631460240507306849055355402912864386406923316918332457818465926228082049526584937091532513483
100 8175255812309961310670245334105410797161242046780165083302428670425884174583749571271171240176572138
99 153904082779934736147897064499447785943690964994387351945246340316615456968134616041147171890987856
100 6457942367969631921867754380298860313307455482089639016357724538127939204492022424323113540027910423
99 812113368518564103101520726762678730008412344884288198506968399212587188247345279007506683166880266
99 168027006247894713574978637946313093651862582784350191172781413640049717226517275948327723589157607
100 4941031950057965087690895292886413689010013458157837671065755103483037472934717659684457303462690997
100 1206384550075657111072051219952635718892047942630016131439888984655911154952087364589413298370831372
100 4395700587828306431450636564745690535923837526614766012443397106241137335521304225388690939179102697
100 2383841153376264474305928571760268861350825137104752384238440792896367084054285224243714595755807271
100 2236902837715401832214636271805401178972883150181465263289411589145353661813715274074242273514413162
100 4263389924337649408274846228818974641156755058607559880190494073341328110781852569822537575278248410
100 7461514190009407750501138208603004271051305007584801672831303160998632142094568051852700373085093169
100 8156443703047054652013302083266468092774448157904560703256021646871193387823324684604537130962613521
100 9805952042648831703234445955958128643818345941288244906350383219082453881575629927702948881218736718
100 4532857574975948115596187994449691358925155124775725291403030341468495372639082988490766792743137311
99 480309130774806712568168468891086527487975064130256013320010232029441603985711497514216986650868240
100 8031420448863236397938031597036276522712400847690370333983772399444333612605275880635451209971683142
100 7666655885547755280514580626939560613402670238457616445687420147860306187991523521808453772653285172
100 8031420448863236397938031597036276522712400847690370333983772399444333612605275880635451209971683142
100 1644164580310879213421767200154629299622710858295352485280360495434959800545237374105239747950733969
100 9625003602632052391028049255726748826389237455408497377283766682752320531134978954975191369878533136
100 4173509324245503019379383979961354336665771810586175367733892932407780915185705153954287947071080999
100 7663610344261706016027440486548253557563687691406547976368625636477085299444590180318869345927593471
100 9942536215811809539975702566177928026619395608181494530239612380485057219531324034455777932035993125
100 4532677347201205071155206754436529385759011132878630977079716921816620523803444287118956221794666390
100 2037722003668785386601473118405026885495806215913155295475656668441693305853689605856342322679649083
100 1527082157569755944943468895878907781237181358503205964866417457245735018304160358690062432018783765
100 9942536215811809539975702566177928026619395608181494530239612380485057219531324034455777932035993125
100 1409652354980795621731148760615140490327035604413013308735307626518449199733912790478619641369887817
100 9198414682491113988442375392556880636309373475842073761026754914846940084589912468597266063405807612
100 3305640662530769748661856682207461254257145263283720165943502041050287395801934584069577475668852587
100 3795271242651625157363786880712664397955796256677549734537847892599847443892445614613438801789371799
100 7665661976732977948330325612716816052072075274032567469354348191252810232520219857770299274875348022
100 5204384901464534633213250705215440446819274754750492464120683624804419370979839671529867225427368396
100 1083504024648850609176202883555767388528961387588873592050309714037228674816873038723878925375180691
100 1319495076860407334820862172394612584091832278053492799886368924222119136662695695557631840147770104
100 5573270435314154491146847001389625377138025265325411184230634190662294500668223728173064922794574845
100 9190335272391703670877875706019873343056615469579295531567677608512048119238505500154757619918642585
100 7461514190009407750501138208603004271051305007584801672831303160998632142094568051852700373085093169
100 5739601738827783530081694985779466079049619061715238105826078824028968448190770058181386555964488671
100 6510002324643067825203879447624618551379039123533599148811878507087074501993255312013738270552767697
100 1586212937482842160588917751788413304737163895759053330592530544061554754922508075431828254502467330
100 8567137887959252057525028060217116326508782048445565137610365623655026655441790488356643966657334814
100 5746115004934942592188907223650680297608207063836027800883489813242857143344058829013597999691829759
100 3888856800519701038878617350700649379311882602825919528340959785447183206889464779068159249425402243
99 687538949404861119343710494754661445566961354092641317924493565292350927802559382560161898488694831
100 7224900658150885424657849241826304227900429147038094949839717766268287783227212156628522788354287955
