95 91
606180584733804663299291386280939908284281900828313370102463728464120743488403592174175688754705589
9391520521330410171379997044304831755148097474136852130447807348087498421548111039261995627385987716
8079635335792001622246954235492482604951211019065010185996538835402276681551347356319471512362241098
3943139247686140552223408740675476274963406050287683408865626231211685202878399963152288750674191404
4176697601260901617847072811800713867381605805351210020771565940199866701014765756065535713689693036
1188134462517613336673963730359858253416490419360371976398080906485407423693662440273551269195376924
8223306053062009350627578397569011486543248604409608954954193905165379795225558855934959256817506338
4077818883893797857928746361899286013890291009687825801205284178197441898746252485716909750620412355
4802603532391711889958393478347099751504686600835307479148562493525552621490824327142857079209293999
3953809344203556622975989526802577866742761430046380966029608176806089300160304495232306515265616061
4145473237372734794504948612577582940176609262300875102180307451375489559203767238275771987391744763
2792324455707823855060551487316501729364385363134488282841313230808232104441913610131125729123622128
5112048502715007346984895575856380436820909783594260944365406824365741031648245931034950122352307342
9487667164953354871360167535272433622101871242570116459525281466790134153499957964899763771406696433
1726355365458802055516000383365951398947561826999548183416741328916159979940516716244868082832105131
904301729069246151839137399828712684746606523238689632122099603484958904012472000521536348893950953
5602846823121010150958757662337320675995349250634988032253265740483892887381154211910169276925413946
5309208437414275657135074448680021946340920852011786817773831392409147555833652639710642828953671060
8914436230132792928800328301697422078948139412102852386516877528144854266787277405291638193890477909
8942406850439139127430245931080255260546155674130159278046425163579683079856830016354768492403510976
8684411039330792402376703680991941769779606789432812796673438019219982204111302511931243749496594673
8194783161585417337293756622474986372695277371751376879078801722925575946443006958302017561218567162
9288632067576457110570817539691802770435266778496684671745120758606848315207875249095299529349448642
2899356719396440884283297792412684428423602486263576892145906710946964000018195588902976001382161590
1696850549733078954437129338010733709997818067574377009367044444236155428789393822840651527195215519
1819714248235542527584748387026543487773686168157615894703320614561734486568320501569124968198037518
4044190195563560733981493687476690142274643385964634750008760790602564390118431037572402509743268892
9593885507126692422858127147881888368506266944455104765546417923885919441230620337450801022691728894
8449322630542660716855258775896072676962102567268544716319760340019984997435943985373411968339972918
4770731354344785632483903403192157638689257154631479836402210383971935045677361837189754273910155328
7150560716071698467976332196925128472587354448439833578452369393899295093517953400106510938838597337
7619056903928900421069035192727771845146348546881163199422284714317310403667740822518471458139782975
2008365111895142955869936057224649444430753863035052674937680906212126085378579804249740642063032691
4598639409439189657722910748070602901358700562322798862543095209462212067072264155785947885739375144
4350531788764560032349212044075895470564407773559554707229550135350831020778512340928647629950799623
5939247681019758249329943916336029778730370298075015123226361844117953095393319529163274561845071092
9591185209171559530515950143110456062491112710683855577305778336518267468122257208784180208654544045
4927057477500878969977972913356085709330486523369134071191568272647443377072095465155433723074104098
2018861841177609467894545162944775283958794096451643696296556270910648256837070663503175451061029085
769874750301885259307910645282860067799236033353259313285494364250567151531288514750812021562204879
6810240826830453899726129797397116467766765202209515725552952161418619088152307927322064106559456328
5063601473552392399008384133603700473038977794218404025819051632722180344449561421573182618602795868
6702237075208334287632245911126209630708254104987940223664668315893686257330512644509929552090574710
525707462229453066246471249083395037837560656849947324100594344156943311696439223000313217334843636
2189538772712873588256495745159377212593557468710842722298302065831123630695384968145180742334651078
497248776128975297095971779882703805744045471034794278308435906422820245195683257701791962884751114
299409648936165970941214826136284610218943902724125411177149302493060936526366116954462141702573069
9863794825446387871751609496283235714388611129269069355223638909922837355804547813625001870886830847
8474127820294916866941169135711174645309871078975494093734833601725953964379571643429112991375337931
4634443357876449127746742081420046118772931493880043647392687256545161359627783388797077620751873059
3871977978767487551979864799328679970583003779113122194911111664290868642144296110194255600305244402
6035022027038556417743510569003585988438888569469118879987042137882032253324142115788019430905482259
4511887940637107771849576573045717200810130176885856596474965440616577307489494058370029838096514048
3713824254587989994709449996931617517295544565353810929513523090310339273512543129041571452046177141
9480561516848688892629529751752319494650232174448452152587563271228132380683437775158767432360185829
3053437769622123281240914773926895790946960080858624182686621954101619509160285265422174467595077040
200931511367369962678559062426241719842850574009627507056019428272739403247606493041109190316216063
3354164139239431010246564918089927364914270101388356326068884724660774136715960555499841598503996548
772682738813779711149818663259691927706814917827976461315182527430938358624575436990583100688827292
895642645200720269588757224878131865319679874889666697109666154596009704409701848884237540003202525
960753769846062013461409617311844710566727100024860338315666319471348182346489004946478440757778639
9862243005625067210557071389554462373838713338327014989091900391598121562352766164631107806642038680
2219521498315350132320874808352589818372229883723973190253733432302842372247976662561957931329297024
8091514603746999242995909105631158290871588914855163803126920002469416423125007770381862506224477945
1460497254026545986327124297480008730195150968815836124346896899172669681351228168204705671740210932
7857758678432264367795250627575663319088279479182776942336802095677381522394345434188264988506307027
6600114531058526690336612809655675764722115667023119371606012939450870154842608405564139156885268449
2493463016889023962635127197955742692339591125722012959858583728792219811679869836322333776713858954
4292995550102961466904359010385618286114705496438158042735356045677501843844009030028570488403111939
9772977651797135109540698146087834562052903548781567989699218836786790648639292482333786522737389461
4915314630852585569683500707821138484317466291935827063417292493855192600584189776349247313896695612
8990256588810163578815409751264303654229603995468656836457466854940879884946619476507168328460851576
5933461598776566883698559170771852877469209207212153469861008189992176955458024498683992209158519288
967199987383893892621952774173095395931004093013995278969496372208679304808995886977007076661930586
3372399592173368160037458733199392220401894116261818711872276439724968472742627547636976806647928352
3705633131722917788949241545757996716364583086502676088470876789660836583039583250036151371318416055
342676041975869719136813291751450127002468943978171650228034031063598278760042035564038399722986720
256052243915597797712228365592622503343096738487397477497486315736330680433057389714396902720271413
8543893661855472170272744122362673902167036032295191137431541620773817488337565733032137347432111057
8940869246776594656363689349588620251606291065912028266794991129197230157217928236993677751196761505
8090968592885448198799026593526982974353543705803277274417165579548979838756153788756445256221925588
1956894809378269711674412557760074705315905301259974148481928745349089468464398508682945433401174587
963479378532007072441818157005833033205173126315299000524628211599237556010297516190183600008890511
7053654766082412110830080223994092721454914933084248615950232064396406079356848776387546139705200078
5699746898428231474987944605331885870738810246083707732839271906195868837842882176202925259313352496
5588835927647348437285788981839283152756482168024751282574353753202339867524670850514106641330360833
3170248391905241991348338575966266202050534946916209845898230316876775812819461892891506654088262720
5815214192052284552914866959500507520426418051584718965831684536552684662539700264051671065086510509
8654100505421742883585215101266111637295747092451383553270676123403588763429395558713985915030295629
9069549139680421186330410035324290219875034855563040304574715130994817267964599684098962105172678308
1721602315794957824576533984999244178368353752383887090080533924104217697921877641031184873944849128
8626258233652771356167696210761393751386204492969926397084406975407669543086467726195756635434855535
3354228851938147366840940901578214835678811947131473785257585979677812649546513027217692601309314139
2381547206904731831086996158522482619069685170877643861075172879883734588099774933838426712878008622
5289409571833224403123698218415849562231647680660375747325925511424613936128227076525168044006984951
100 9862243005625067210557071389554462373838713338327014989091900391598121562352766164631107806642038680
100 7442997228675456378880859025309810371371091512207885714905970148319920654614813247483417825084823438
100 4145473237372734794504948612577582940176609262300875102180307451375489559203767238275771987391744763
100 8131992034568139587199621191718355953918432332455759255973387634378623415688461210009178577647772354
100 9487667164953354871360167535272433622101871242570116459525281466790134153499957964899763771406696433
99 342676041975869719136813291751450127002468943978171650228034031063598278760042035564038399722986720
100 3130548162270137003014020516221250618689743831221429100352162517707709368660759238981043785596183163
99 174985976957885201500486027881272103602880458725654528310762692866386640814452551789412190736917835
100 6164733494815680681881934891624770539885812796828250536142200151040957222035697032478117649227588071
100 8267252326767906402727070284670709192573379305340491102778469119813777212319949482533161550476402405
100 8990256588810163578815409751264303654229603995468656836457466854940879884946619476507168328460851576
100 7935420341014597330338505311012246376173070761468410754761396050915176105883563561238470705817282552
99 352330940373422720805756065730261692153393940873089329343557008744270193942902534537144903093434783
100 8842827094820674177113953453649383774528077009880980596738398742640870852265848080984010688923919521
100 1750529681805346407223683980669663826816293009582777080631847638875741660213149904358206180888880346
100 1082059975092465193923183669993306417285396625216131887735354767642164291594484366165520568945354147
100 3713824254587989994709449996931617517295544565353810929513523090310339273512543129041571452046177141
100 2381547206904731831086996158522482619069685170877643861075172879883734588099774933838426712878008622
100 4187520961279585262143924950766738009696315094486012146342397837536105372683473743840670463588828184
100 8654100505421742883585215101266111637295747092451383553270676123403588763429395558713985915030295629
100 1014077555901512020826444476532423433789181224230415143387065176281538516929868629809148064648979826
100 2834007011330666900453746020597916267417249542077631464641543399062877636949939400841198433808392425
100 1999253101718052349325204263513320442964547876927848317868038183352860768661537960660943771764558508
100 1726355365458802055516000383365951398947561826999548183416741328916159979940516716244868082832105131
99 772682738813779711149818663259691927706814917827976461315182527430938358624575436990583100688827292
100 8449322630542660716855258775896072676962102567268544716319760340019984997435943985373411968339972918
100 4154000400693330467769914698630049772628398875918372690200467494508938628020180467067725751103285912
100 3953809344203556622975989526802577866742761430046380966029608176806089300160304495232306515265616061
100 7316706794934059864009390949792371877605829094275947427904477723385956193827981908485740634887225012
100 8679855671378300664157805467803478192604096589885713180113453220546173328507594364923823800677019786
100 3713824254587989994709449996931617517295544565353810929513523090310339273512543129041571452046177141
100 6804585565558547494249258448061256983183439403033708522623801262276161627090208296838449068310531716
100 3053437769622123281240914773926895790946960080858624182686621954101619509160285265422174467595077040
100 3914199426251435142124572923558944708420453046025815907124278102925881525565232295943921297991121430
100 3372399592173368160037458733199392220401894116261818711872276439724968472742627547636976806647928352
100 1165021289452695000054409896196850620571895755192850013451253340591535717018899500478982183608785323
100 5111142844520036066378996305608897914884137568646669449955579688375031818812536401857073130867811655
100 4927057477500878969977972913356085709330486523369134071191568272647443377072095465155433723074104098
100 3806562619618540713126663089010070173062507934135507477523112385062186418675603934584798693721404604
100 5988009140969514708138075022667268260776166361873895167872264608072117587095477500802694679057219771
100 8194783161585417337293756622474986372695277371751376879078801722925575946443006958302017561218567162
100 2493463016889023962635127197955742692339591125722012959858583728792219811679869836322333776713858954
100 5699746898428231474987944605331885870738810246083707732839271906195868837842882176202925259313352496
100 3705633131722917788949241545757996716364583086502676088470876789660836583039583250036151371318416055
99 104535872478458572073775574454451091413900188214894051320783042693679954687586920329553217051786272
100 9635392298476051828850072429586860914617943685116424176401833113145274036839109331956811817158421579
100 4350531788764560032349212044075895470564407773559554707229550135350831020778512340928647629950799623
100 8914436230132792928800328301697422078948139412102852386516877528144854266787277405291638193890477909
100 8940869246776594656363689349588620251606291065912028266794991129197230157217928236993677751196761505
100 8194783161585417337293756622474986372695277371751376879078801722925575946443006958302017561218567162
100 4998079191038463361735498440940310365140980443880537626923197262339673429150769352667496750235044187
100 9288632067576457110570817539691802770435266778496684671745120758606848315207875249095299529349448642
100 1956894809378269711674412557760074705315905301259974148481928745349089468464398508682945433401174587
100 2493463016889023962635127197955742692339591125722012959858583728792219811679869836322333776713858954
100 9288632067576457110570817539691802770435266778496684671745120758606848315207875249095299529349448642
100 8651983338938542423218987605135089729359693279828523246433607651240592042365617524632762740377170364
99 963479378532007072441818157005833033205173126315299000524628211599237556010297516190183600008890511
100 3354164139239431010246564918089927364914270101388356326068884724660774136715960555499841598503996548
100 5438524270755866988624841881433067768688676349268142430617863628985712004596329311690895479978164818
100 7575933599743880347088950781607515389978853287952462629025499572054611208211899103284616415129907140
100 2493463016889023962635127197955742692339591125722012959858583728792219811679869836322333776713858954
100 9987615902854773564068023470436519327452065800188770339548308026298077229255930281494729750037109266
100 3943139247686140552223408740675476274963406050287683408865626231211685202878399963152288750674191404
100 4644847916943850643166377028795130908727645821274393347309476870920638741698003593697124150076973393
100 3953809344203556622975989526802577866742761430046380966029608176806089300160304495232306515265616061
100 4915314630852585569683500707821138484317466291935827063417292493855192600584189776349247313896695612
100 6729065187458430816270395819935015331977034387839305656287512628175588678084023631874182331555307454
99 218577001077341391508612763331675237278874443227616817435934934129537745261619475978121662047305318
100 4065938242019690668099937266728844681290632066802826914824272226531025448926507443154835376255373616
100 4927057477500878969977972913356085709330486523369134071191568272647443377072095465155433723074104098
100 3953809344203556622975989526802577866742761430046380966029608176806089300160304495232306515265616061
100 7150560716071698467976332196925128472587354448439833578452369393899295093517953400106510938838597337
100 7053654766082412110830080223994092721454914933084248615950232064396406079356848776387546139705200078
100 8205901089348501812968035615706249378932075483974106024301282224428929463088687764601039061670641487
100 6810240826830453899726129797397116467766765202209515725552952161418619088152307927322064106559456328
100 5436098354558139693872159513150605388694420388220558075615034011511127970870975926088837861027970429
99 164219293790721627147166860034925553226962785197540433138547388864603742926566947750738388988754583
100 9172011129257571639269215146483358537168926021605086617985234859329356754345666900741759134779012192
100 8940869246776594656363689349588620251606291065912028266794991129197230157217928236993677751196761505
99 724137853390390940781217196457453121649273468473867744886513770604061367281606013642369714139054895
100 1726355365458802055516000383365951398947561826999548183416741328916159979940516716244868082832105131
100 4044190195563560733981493687476690142274643385964634750008760790602564390118431037572402509743268892
100 3871977978767487551979864799328679970583003779113122194911111664290868642144296110194255600305244402
100 5324052067550337308948026973077099863751826227702185004013725242998756912690577842294423135720698697
100 2008365111895142955869936057224649444430753863035052674937680906212126085378579804249740642063032691
100 2094342338551207212128397941051907291061938678188523825217450049664296831853129046585205051180016910
100 3530732194388916688139827190077465665552649935749739761051767709307706747523344267224862435140981528
100 8662050004591436523768477793613640446487809737694218653330344924311423912257121311162016241388097453
100 8449322630542660716855258775896072676962102567268544716319760340019984997435943985373411968339972918
100 5112048502715007346984895575856380436820909783594260944365406824365741031648245931034950122352307342
100 5339819754976011862893073494824987173996919419220608903626167154558050332161890320987414767147680899
