96 93 507098
10589 27311 52846 32648 368 67529 8513 83578 52997 99964 11175 96056 90080 96561 72359 29559 22032 60347 55990 34290 10301 95422 82789 30891 57016 35370 18442 30883 31224 83519 39459 67017 23531 68643 64145 41975 15646 81788 18140 79831 60626 77421 36194 85240 4463 36842 59272 78199 71623 56385 84433 84616 95209 88990 25462 36562 66500 14481 61479 58731 36368 54804 76602 55871 77182 91104 43881 51333 41038 72023 74626 18112 34342 69682 47621 41679 92931 16668 40852 65245 11409 95815 32426 58843 46677 78588 34854 27547 11805 83857 89652 81758 651 4609 5476
12 3 7328 9 2663 6 1649 10 3560 9 499 3 5470 4 1008 9 5616 2 4717 9 452 4 7896 7 3056
8 6 5101 7 1113 8 7961 1 5188 2 7629 2 1042 1 4218 2 9473
6 2 2939 6 4783 9 6482 6 732 3 5813 8 70
12 1 8505 4 8322 5 4667 3 3029 9 9636 2 4505 3 10 5 466 10 919 6 9109 1 3151 9 2115
10 1 4057 1 7778 10 9440 2 139 3 7150 8 4404 2 2487 2 8795 2 2501 4 869
13 2 5973 1 9481 2 180 6 927 4 793 3 858 2 6326 5 656 4 890 8 3840 2 7665 4 6713 4 1941
2 2 2073 3 5489
7 4 8467 6 8514 3 1382 10 2723 5 6561 6 4435 4 1462
1 3 2181
11 5 2617 9 8695 6 8876 1 7961 8 1843 6 2653 10 7503 4 4395 7 895 10 1748 3 6746
9 3 8904 6 808 8 4631 10 378 2 8633 10 1895 10 9631 10 6693 1 5259
6 3 2862 1 6729 1 918 3 8673 10 771 8 7962
5 6 5341 5 4314 7 5026 9 36 10 2905
2 2 9328 9 5019
12 1 8661 9 9560 7 4968 5 697 6 6769 1 9510 9 8792 9 7246 2 8435 5 6918 4 8891 10 190
12 8 1367 1 1925 2 9635 9 2771 5 9661 9 4496 2 3385 7 1892 9 9594 10 3485 4 2042 8 6030
3 3 2507 5 759 5 4959
14 2 3824 6 1443 4 3334 2 6684 10 8261 6 6744 10 5429 7 3652 1 7788 8 6326 5 9542 3 6716 1 5405 6 6169
7 10 3602 2 1777 3 2491 2 6100 4 1864 1 138 2 2093
13 2 1706 10 3269 6 214 9 2400 6 1496 2 5470 3 1869 1 218 5 2623 4 2329 1 326 9 7963 4 1113
11 6 6202 5 6363 8 8101 3 8956 5 3886 3 5470 4 5629 1 8112 5 6818 8 1321 2 9619
2 8 2796 3 8048
5 8 543 6 8751 7 1954 9 982 6 9258
14 8 1955 7 905 4 2051 10 5451 7 1071 5 6903 6 7581 4 5170 1 5828 8 9440 4 8375 4 1051 4 7176 10 9743
6 7 9750 8 8186 3 3775 1 6892 6 8337 4 3157
13 8 6377 8 1277 5 6813 5 1425 3 4578 3 4373 3 434 10 9441 9 8965 10 3837 3 1102 5 6292 7 6157
2 4 8083 4 9424
9 1 8632 10 5616 3 6436 8 4843 1 1181 7 4759 5 4011 3 3613 1 7682
8 10 4319 5 1867 3 2279 6 7535 3 4679 6 442 5 6998 5 7826
8 1 5942 9 5693 3 509 8 5528 6 5499 5 9402 6 5875 1 3716
11 3 8915 2 7853 4 6763 5 7323 3 797 2 1703 3 3675 3 9204 10 6836 9 6495 9 7284
10 1 6713 10 3849 1 4717 9 2493 4 7492 4 2904 4 38 1 8636 6 4928 6 2818
10 5 7047 4 3544 10 5213 8 2907 4 1668 7 5635 3 3640 3 4287 1 3790 6 5366
2 3 136 10 5943
1 8 5549
10 9 8525 4 7320 1 7641 10 1195 6 4552 6 7161 9 7027 1 70 9 3682 8 3915
10 8 1417 9 1970 3 8871 1 4326 4 9737 10 9731 3 1587 6 396 8 1393 3 5350
12 1 9743 7 1547 3 3425 2 4638 4 4763 10 852 8 3672 2 2542 6 2346 7 5541 5 9373 7 160
3 8 2058 8 9364 4 2633
8 2 2725 9 6827 3 8901 5 531 7 2120 9 1465 1 6389 10 8558
4 1 8057 10 7416 1 1023 2 6712
9 6 5565 8 8132 4 3115 4 1984 10 2889 4 886 6 1767 6 453 10 4748
2 1 3989 6 2286
11 6 9455 10 2504 8 22 7 1988 5 159 8 134 9 9061 10 8753 5 3099 3 5667 1 6061
5 9 1831 7 6514 7 8344 4 8732 10 1305
4 10 7046 10 2130 4 515 6 1792
1 1 5362
11 3 422 10 8379 1 9889 10 7055 6 4664 1 3860 5 962 3 7416 1 604 10 929 9 1383
9 9 3117 1 6471 4 3268 1 3260 10 4467 9 959 3 6689 3 1376 9 4027
8 2 2637 9 3479 4 4779 3 9888 2 7061 10 2206 1 1929 9 8991
13 4 533 9 2007 10 3290 9 1457 3 1785 9 9628 1 2062 1 7826 9 9189 10 9857 4 2120 6 7517 3 4864
12 5 7192 3 9062 8 9028 8 3492 8 267 3 7910 8 6693 7 9097 5 3384 9 4633 9 9452 6 8450
4 6 829 1 283 8 7985 5 9343
1 1 272
15 5 8050 3 1741 8 6824 6 6609 8 8253 10 220 9 7006 10 3631 3 8520 8 4353 8 1520 10 9444 5 9031 8 475 7 2044
12 8 9693 8 9263 4 8363 2 7357 7 5597 3 7355 9 9496 1 7410 3 4857 6 861 4 913 8 2878
14 4 8702 2 8285 2 4093 10 4725 8 8744 5 8594 5 7454 7 9701 8 6761 2 7576 4 4862 3 3080 9 3773 9 8522
6 2 7806 10 4037 6 9108 7 4500 7 860 7 6075
1 8 5516
10 2 579 4 3711 1 1171 8 1126 4 2686 9 9297 4 7033 6 6815 6 934 8 2578
12 4 4604 6 5902 1 1197 6 2681 4 389 5 2603 3 5092 3 6027 8 1767 2 476 10 8457 3 3515
1 1 6964
5 5 180 4 7963 3 6626 2 3587 6 9591
12 5 6460 1 267 2 3194 4 971 3 4561 1 5655 8 7923 5 8591 3 5056 7 1053 1 3856 3 9869
10 3 5959 6 6767 5 9421 8 2580 1 8097 6 5277 4 1276 2 827 6 6610 3 2364
11 10 2185 4 5244 7 3672 4 6190 7 7272 4 181 10 9187 1 1963 3 7985 5 1169 9 169
11 3 413 3 3182 10 4693 9 4286 4 1316 2 681 8 9568 2 2569 10 5026 4 3998 4 7208
1 4 4060
11 10 3119 3 3054 3 4362 1 8429 10 4750 9 6828 6 441 6 6071 6 2919 3 2067 7 4410
13 7 1174 10 5392 1 2230 8 5854 7 1271 6 7315 7 3785 3 5061 7 1005 4 6326 4 92 4 9646 3 8424
6 4 8071 1 1287 4 8068 8 2075 6 1868 1 1703
5 1 345 5 7456 2 8457 4 2649 7 3243
10 7 146 10 1828 6 1057 4 9662 10 4168 4 9662 10 2104 5 1138 7 7835 4 6561
13 7 6839 2 3177 10 6743 9 6608 4 1783 5 1603 3 3333 6 7862 10 2161 5 124 6 5457 10 1316 5 5937
2 10 4456 5 4830
6 3 3903 8 5753 1 2765 9 9411 7 4949 7 6879
13 4 1195 7 9292 5 5128 4 7653 7 3896 4 6530 9 1603 7 2263 10 3578 5 9977 2 5486 3 7960 10 10
3 3 9792 6 5771 2 1320
15 3 1386 3 3889 5 8807 3 915 6 5317 4 8057 5 8825 5 6424 1 1105 8 7948 9 5411 2 5545 1 6394 10 9735 9 6664
1 10 593
9 8 7391 10 9391 7 7426 5 4635 9 7096 8 7878 10 540 1 2500 7 7645
7 1 2674 1 7088 2 4719 6 8124 10 5351 8 7428 2 2452
8 2 2357 4 9452 8 2772 1 4808 4 5651 3 7157 6 9904 2 4605
14 5 557 9 271 5 5100 3 5038 2 5420 8 2641 3 4005 2 9863 8 2882 9 6495 7 7850 9 1589 9 9607 1 5758
9 6 1071 10 7945 3 5093 10 7427 2 4167 1 6486 7 6682 9 5015 2 8726
8 2 3792 6 9265 5 1650 8 9374 7 1319 4 900 9 5009 1 1683
15 9 4974 1 8555 9 5066 3 6219 2 2239 6 309 2 4348 3 2236 2 2443 9 7102 4 694 10 7805 2 2063 3 1601 9 9144
1 7 5286
8 5 3454 8 5607 2 2541 1 1585 6 2484 1 5180 6 2571 6 1529
15 9 8948 8 1936 6 2706 4 1669 8 3246 5 105 8 1696 3 3724 2 7150 9 6688 5 3873 7 3474 3 8086 4 5935 7 6427
14 9 2056 4 7896 9 265 9 7051 7 4704 8 5874 5 2049 7 3304 4 4976 2 8934 2 9134 3 3863 2 3432 7 4035
4 2 1339 10 6634 8 7757 8 8310
14 9 8523 9 8589 1 2718 10 3574 5 5132 3 9378 9 5946 3 5136 8 5769 9 4605 5 7043 3 6292 7 3585 9 2610
2 4 4958 9 7740
6 3 5754 8 8548 9 7034 5 5610 2 7758 1 2201
12 4 8054 5 690 8 208 4 8787 1 2126 6 7005 6 8125 3 6820 6 8750 3 7985 3 7355 3 5081
