1000 50000
18
4
18
8
15
17
11
14
4
24
23
14
21
7
11
5
8
17
8
17
6
3
7
8
2
10
22
14
18
22
8
14
5
12
18
9
13
2
11
2
8
4
1
10
23
19
24
22
13
13
19
11
7
12
17
19
7
15
10
1
13
22
3
2
24
8
16
14
9
1
8
14
6
15
14
14
23
18
20
10
14
10
15
6
6
21
4
13
24
23
6
23
10
2
11
10
13
5
3
14
11
9
11
4
21
3
19
2
13
2
3
5
16
18
17
4
6
22
10
12
20
2
2
6
23
18
18
24
9
5
9
19
1
18
22
11
19
2
25
10
2
15
1
23
6
23
6
13
8
17
22
25
9
18
24
19
7
23
25
18
24
23
22
23
20
7
11
24
2
7
14
6
1
3
21
18
14
4
15
8
3
15
20
4
14
7
22
22
15
10
10
6
21
3
16
6
17
18
22
5
17
13
6
16
17
1
8
5
11
8
22
21
21
7
17
18
14
13
4
8
5
15
16
15
3
14
4
25
23
9
12
21
5
16
13
3
6
1
11
15
7
22
23
13
21
1
10
12
13
3
8
22
23
25
7
2
13
9
14
2
9
24
5
22
25
10
22
11
1
16
22
23
16
20
14
19
23
14
11
23
12
16
15
21
18
7
25
9
15
25
23
7
2
1
8
7
23
2
2
25
12
10
14
25
14
20
4
14
18
12
12
4
16
9
22
17
14
10
8
6
19
5
23
8
2
5
3
11
25
17
24
20
21
7
15
10
22
24
25
13
12
16
13
4
7
22
6
21
23
12
11
13
14
14
10
7
20
23
10
20
25
12
10
6
6
15
19
4
1
9
17
2
15
9
4
7
2
21
13
11
25
22
19
2
24
17
18
10
25
20
20
18
20
17
12
20
9
25
6
13
4
4
4
15
7
19
15
14
12
15
23
20
10
14
21
1
16
9
8
17
5
23
6
4
6
5
19
17
5
9
5
2
8
23
11
9
7
4
23
16
14
2
11
24
5
11
21
16
18
17
18
8
6
23
10
12
19
21
22
7
3
17
12
14
20
13
16
3
22
7
3
1
1
22
20
1
2
4
1
24
8
18
16
3
12
23
12
20
18
3
6
14
1
2
17
9
19
5
6
17
2
2
8
14
23
12
3
9
14
8
13
7
11
15
12
14
12
12
21
21
10
12
17
13
8
24
1
17
23
11
16
16
11
25
6
22
16
22
18
9
21
20
21
6
5
13
18
2
18
2
15
16
23
2
1
12
13
4
25
4
13
19
18
10
4
11
7
18
12
14
4
13
14
13
18
17
12
13
2
20
19
11
16
2
8
16
4
1
21
22
12
24
3
8
7
18
10
8
3
21
4
10
16
7
16
9
9
24
16
24
16
20
2
9
22
9
15
17
4
21
18
22
10
14
24
12
11
4
15
5
18
24
9
5
14
7
10
1
7
25
16
18
9
21
3
2
14
24
10
24
23
11
15
10
25
17
5
23
12
19
9
2
21
15
25
13
12
24
16
8
13
23
23
22
25
6
25
1
15
8
22
20
10
24
3
22
17
15
20
24
8
20
8
18
14
13
24
20
11
11
21
3
18
17
11
16
1
5
3
14
18
8
15
22
12
16
24
22
4
12
11
6
3
21
6
21
16
24
15
23
23
18
22
22
8
15
23
12
19
10
19
3
2
10
21
6
20
19
5
1
9
18
1
14
18
20
19
9
20
2
5
10
19
23
6
20
4
8
5
21
19
6
15
5
19
21
15
16
8
24
15
23
7
21
8
23
7
22
1
14
10
1
21
17
14
1
2
11
23
20
21
11
18
25
12
4
14
11
16
9
2
6
20
24
10
22
7
17
19
11
18
24
8
21
7
22
18
24
20
21
16
15
24
14
18
6
3
1
4
10
18
20
1
17
20
14
10
25
5
9
13
6
14
24
5
2
4
1
17
7
13
3
19
22
3
12
14
23
9
22
9
5
15
18
1
18
25
14
10
13
3
5
2
10
18
6
19
25
25
19
2
8
21
20
18
5
21
19
18
13
5
1
21
23
16
25
24
14
14
8
23
7
7
24
20
20
18
1
11
13
17
23
6
17
18
3
16
11
24
8
15
8
23
4
2
11
8
22
14
8
9
19
15
6
3
1
10
8
21
19
24
2
21
21
7
5
7
21
20
18
1
15
24
4
22
10
21
15
3
21
10
15
22
21
21
21
11
1
10
24
19
3
24
15
7
24
25
4
1
15
21
5
24
21
20
25
22
21
24
6
