50 10
2244 1123 1754 2076 2573 1071 1447 1303 2703 2627 844 476 3852 3700 311 1971 3897 105 3947 2986 2230 1347 1950 2367 2321 3202 950 124 1838 1488 2822 2887 1757 1823 872 2883 3025 3205 1026 1126 2813 1325 797 1632 2730 911 1544 2725 3528 1613
722 508 1882 104 3091 3839 975 2706 1229 1440 324 1791 3716 2999 3862 2252 362 373 3992 35 2661 3512 616 743 3043 1311 2667 3883 2965 322 3624 3873 210 3248 296 2392 3994 1140 3311 2316 3437 2608 1266 1212 2305 2428 2754 1457 413 1877
3263 2348 2853 637 2565 1942 1196 1495 2511 16 1352 1497 1163 2413 429 1624 198 1646 1331 3749 2947 2446 1874 1938 1504 2054 3264 1696 1841 1473 2564 3313 1264 3669 2633 2764 561 2346 3665 285 2005 85 3178 1770 1163 1707 246 1410 2460 144
3230 493 1619 3226 357 1345 3621 2741 3306 3758 702 2067 2064 1918 2949 1743 580 2257 554 1972 2114 2662 1270 1370 2999 2306 300 1053 2559 1120 3166 2032 3638 63 949 281 2794 63 239 2934 2989 690 1061 1376 1835 861 625 1738 1624 1471
3686 3528 600 2424 1136 303 1607 102 981 792 1271 1346 1035 2519 254 1602 2266 3065 2470 2065 277 2989 3360 3249 1176 1969 2787 1798 264 1802 1413 1466 2554 1184 484 1733 1209 243 464 1379 3330 1696 166 1014 2926 2380 914 2394 1418 286
3771 1480 143 2021 3524 3968 3587 2079 336 1586 1124 3435 242 879 1200 2126 3420 2427 1394 3598 3098 331 2024 1034 2552 2080 1148 2468 44 3871 1019 3775 322 164 3066 3079 850 2094 312 3126 2111 2322 2324 1038 3812 1403 2668 888 131 2792
2664 400 3565 2740 3966 2760 2175 132 534 767 2547 3346 2786 1186 3695 1577 1954 2955 347 556 2207 3299 2646 2217 216 236 3267 251 2066 3842 719 170 1364 1857 2795 1113 1251 1388 1772 2097 2527 2366 769 2188 537 3679 3679 3159 2521 3037
462 2647 1186 726 3369 3746 2856 3068 2423 995 1954 3805 1163 2663 1311 3227 586 51 3209 2179 3173 3364 3298 2801 2511 2204 1528 1300 1202 1376 418 1712 1414 1681 164 1872 851 196 3372 441 1620 175 2168 2978 3231 2702 315 35 500 3127
1900 2679 745 2905 3311 3434 1814 2467 3583 2166 1947 2610 3495 3128 1401 1638 492 2959 2951 1884 3864 2408 3221 215 3801 547 418 3841 3307 279 2907 2393 2965 3075 2772 1822 2261 858 714 749 2075 2202 33 3563 3884 595 1047 3087 2462 659
467 374 3756 3212 740 3587 3447 2051 1536 2924 2624 2612 341 2495 831 1358 2430 1567 3957 3896 3975 2022 3966 500 733 2348 3902 115 2733 2930 2837 241 3131 977 1651 3147 2297 3242 2164 483 496 3879 1122 76 3410 1386 3777 1410 722 3672
