50 10
738 470 1335 1472 659 2818 2592 4554 4744 1060 1166 1804 2454 499 726 1369 3313 2421 2083 4456 4009 618 4729 244 4171 1432 1725 1376 390 3801 1038 860 4044 109 524 797 2453 4065 1393 3668 3700 3977 2955 1268 20 496 623 1054 1531 2183
4042 3397 1196 887 2904 3286 3690 1529 2535 2339 2228 790 4452 3433 37 1232 4772 377 3691 735 43 4460 2847 3753 1433 443 3554 2496 4947 3253 3745 370 2870 3583 4308 2605 3571 4632 2701 3156 1718 101 2921 4038 2952 3501 890 4783 2195 584
4465 4078 592 4622 4703 2941 3169 3459 3554 2285 1589 1331 4268 2797 3744 2845 3863 1108 801 1067 2510 1969 3470 1345 2300 4314 3474 1184 530 4368 2925 2980 2665 754 2572 1083 3746 53 543 1054 1643 830 2036 867 3372 4922 3487 1707 2085 508
125 3646 4511 683 294 592 1253 4342 3698 3578 3068 300 1955 1004 1234 1662 4616 2840 141 3354 1948 4270 780 2439 3334 1365 890 123 1053 1433 2330 2617 1443 3228 2575 1234 3618 2319 4206 3519 312 239 4855 1099 1516 4660 2018 972 922 1382
4934 4843 2255 3976 2266 303 2046 3645 1919 1594 3395 1164 1631 4035 4470 2062 2886 1958 2921 700 1007 270 1336 4005 346 3611 833 2630 2307 279 2733 4693 2938 3483 2936 1611 438 1117 725 908 1617 993 490 999 2819 3264 2735 10 940 4373
3490 594 2972 3522 3141 4613 3309 2264 2278 399 4454 2230 2260 3623 3641 2791 4845 2985 472 4395 1785 4203 368 2163 4844 2824 2345 3624 3734 1386 3363 1797 128 969 872 2698 759 4117 1722 795 525 3570 945 3374 4438 4895 3526 4815 131 4325
3311 265 92 1989 2203 1667 3438 3025 2428 2062 1688 642 2528 1847 269 4197 4385 1856 99 725 2534 1176 2277 1776 624 857 3 3444 216 4506 1077 4091 4904 1605 1684 1284 3553 2963 2902 4690 4473 741 4795 1438 725 4322 4616 303 1891 1669
1992 4415 2138 2155 3668 2989 3188 513 593 3744 1546 3484 2680 2397 85 3493 2750 2400 1994 1488 4368 363 3463 3542 3850 3225 2417 1627 3100 170 288 1682 879 4745 4003 1767 4953 4751 4155 2234 4276 3711 1331 3972 3547 3246 4872 3218 4199 3021
1970 4399 1758 955 2344 1975 2724 4311 1966 2266 733 1972 3576 4137 1514 3435 3713 2516 960 3032 1206 959 26 2762 575 4329 4766 4653 1552 1220 4867 4373 4801 4202 3931 3775 3426 1195 4649 4675 4738 4594 3303 2842 1335 3317 1692 4234 405 997
4284 2308 1350 3908 4603 3810 4274 3864 1373 2875 3439 4293 2185 87 3237 687 2745 1014 1592 3219 1137 3939 4456 2821 64 4071 522 4105 2209 223 4727 1488 473 3702 531 4639 319 3162 2784 4882 3237 1492 4345 1179 4642 84 2246 3603 4672 3145
