50 50
3374 420 614 5285 5326 1671 7073 3017 1132 1073 7444 1566 5097 3504 442 1205 6450 5851 4986 3274 1767 2459 3373 1215 1814 6945 6467 6309 3414 1530 8161 4425 7190 5575 5719 7648 5922 3540 865 2694 41 5833 6944 3028 3901 3344 1653 8088 1919 3904
5852 7633 806 7552 5362 5401 2079 1466 3334 4145 4330 653 6181 4591 4214 6314 1267 6869 8469 697 4482 6233 6997 5009 663 3388 8196 5160 4224 1703 6702 2906 5668 445 1323 4942 4536 861 502 8331 7074 2490 5890 1397 1960 6090 5070 6657 5073 2142
6045 7715 5207 4451 5206 7533 6581 3509 6441 8041 740 5059 1150 5317 8415 4651 4711 4165 1465 4392 2036 4481 6133 7301 4714 652 1779 132 6299 4693 6610 1797 5381 3573 2105 4403 6688 2566 1846 7831 2039 2378 2163 8189 7889 5957 6868 6715 5809 6969
1214 6875 2679 3121 7698 5749 3764 5332 2135 6433 946 7255 1836 1190 3830 8037 47 763 2887 2270 395 3354 8328 6509 5910 5614 7834 5538 727 4884 2183 8331 6257 1666 2562 3646 5187 7204 7582 1712 7771 7635 6448 2750 7468 5484 1402 2135 8027 6038
2785 3218 4999 1231 6203 7860 6700 1597 1284 4940 3388 1021 8176 3559 3351 5789 4961 3657 5003 6377 5618 2282 6922 6093 5303 6916 4264 2299 1575 386 6684 4364 5990 5102 8456 4650 4263 4628 1189 2827 1147 6221 3000 3752 1537 3468 8089 2286 4736 6137
3872 1910 8001 4342 730 419 494 8332 3787 4543 2293 5795 5147 597 618 6204 5371 2600 7472 1810 5352 6318 6473 6953 4872 8381 1712 3150 4990 8344 8355 1149 6433 3822 5992 316 7285 5243 6565 1 5460 6789 7118 344 2455 654 867 1300 2243 7267
1276 499 7689 2487 3706 4080 8463 2932 6485 929 1805 829 7435 349 548 4045 5639 7494 788 8106 5831 2936 1240 6573 4858 8466 355 2290 5693 946 846 7338 4038 5559 1754 4457 3076 221 7033 3287 5147 7722 3345 445 4326 3884 3280 6352 4051 7689
1815 6929 5830 7814 7591 1923 3748 66 153 4173 6476 8002 8353 1714 3855 3008 583 4045 6088 6347 2602 2143 5376 6495 5794 1083 2813 6779 3519 6454 5170 1735 6176 554 5128 1776 4365 7731 2864 8019 5928 1331 8120 4125 1513 4144 5760 4775 3969 3770
1162 7633 6261 796 6484 7086 567 85 535 7669 5271 5678 2213 2491 3161 3142 4490 6749 6884 8246 3035 3887 4415 4131 5345 2269 1140 6682 1510 2492 413 6668 5125 5381 8387 785 4480 3735 3483 7760 4239 8037 1880 2907 8268 4744 758 8147 328 12
2632 2941 5963 7546 7737 209 5434 8342 4982 2342 4412 4665 7138 4968 4204 2812 2386 5286 7848 7570 4608 7742 1805 1144 2948 6106 1947 3567 2958 2761 2253 2190 6181 5175 2008 8047 5550 641 445 8074 8276 7034 7631 2510 3153 7950 3708 1550 2405 5073
3429 5740 6219 5449 7602 4976 7878 2117 7992 6467 508 3847 251 7605 5306 2661 5946 899 6878 2899 3832 2069 4923 7223 933 2118 6037 4408 5398 7039 751 2566 3929 4737 5293 8101 3174 1578 3236 2650 118 4368 1265 4452 8314 2968 4006 3747 7713 1301
2883 5788 8249 3870 134 7994 8359 7806 3497 4120 6901 5555 6947 1744 1451 7744 6309 5014 6874 65 4773 40 4272 8283 2329 2679 5250 6108 7421 4130 2624 7264 8473 1626 3079 2911 6435 7766 3110 4054 2696 8264 3455 440 1254 7125 3625 4177 336 4165
903 2315 760 5381 2885 4002 1367 1548 4596 4672 3341 8317 2984 6271 2365 4663 8245 1850 5052 902 166 439 299 3649 5497 49 954 6667 6375 668 4041 7326 3049 3275 1221 823 2526 410 7513 4157 7986 101 902 5580 1924 1174 2922 7254 7170 4919
1696 3216 173 856 2843 1008 587 6946 5402 5023 7162 5697 6416 685 7632 1980 4971 4982 6476 1285 6671 3983 3860 3245 7131 7512 933 3619 4538 3031 5225 5980 5448 1722 1347 4023 7542 2977 7050 7168 8254 3696 4335 4180 1700 4726 292 5645 5842 1501
8360 905 4806 3449 6285 819 6938 1803 4259 222 1304 5619 4388 6183 955 3937 2851 7606 792 7014 2291 7103 6281 3577 376 691 8207 7008 4180 8351 584 8034 3406 6462 810 2953 7425 957 1366 6027 630 5787 6353 816 5461 6179 999 2211 3714 4098
1213 4261 5594 1572 2180 7408 3622 1265 3378 820 656 6108 895 7150 1579 6560 2547 8478 1613 4134 4516 7064 5699 4724 3209 4640 1093 3722 146 7309 635 8403 8060 3079 192 6809 3349 4864 2489 1347 4606 792 6540 6005 5874 3530 6735 5137 316 2235
5595 551 6541 5867 7517 8167 594 7184 6691 8027 3738 7398 116 4006 8031 8242 1029 1070 1125 1415 3810 4298 5576 1037 2092 233 3864 5917 967 5468 1259 638 1723 1951 5310 6260 2449 8400 2441 5130 1320 3992 3981 6271 2511 6137 1857 4792 1863 5716
5630 2770 2244 5357 5472 5203 2886 2568 3822 5053 370 6350 5896 4488 8050 2709 1629 2814 6214 5028 6794 2098 5796 6655 1670 2504 8186 5614 1833 5957 2611 5527 3937 5374 1058 5993 1879 7604 7472 2226 1163 3854 1428 938 3294 6855 299 8447 7589 1230
3281 723 5465 5700 4794 5838 1944 668 832 1962 112 1766 7234 8489 6234 4748 2629 3156 4517 6707 6629 5639 5162 5168 2017 5601 4095 1692 6413 2033 1889 2237 4761 6537 7776 7767 8369 3678 4892 7378 8200 491 6560 3520 7629 4573 3401 553 7958 3869
1288 6288 3545 3425 3659 444 3699 6746 1343 457 3856 1261 4280 916 1852 7073 3340 904 7348 7695 743 3524 7418 2292 6915 7098 5944 728 5548 3559 299 2670 3397 3641 7964 4564 6755 433 6692 2316 987 4669 4526 569 8005 769 6608 8237 4037 4257
2092 1145 6423 5776 4149 939 597 8315 5144 5920 7701 1981 2804 7379 821 5167 6820 5375 791 4458 3617 6660 87 4503 6553 3402 3685 5167 4290 2676 1749 2693 3569 5883 2446 7468 6989 7456 7294 3460 5992 7969 7428 4213 327 463 6804 7901 6973 211
7243 2282 4028 3613 1789 7105 5629 103 8290 2700 3363 8322 5351 510 991 7388 5743 2076 6730 1780 4163 6758 3904 6796 7088 4096 4080 555 6029 1801 8037 5483 2660 5702 2798 3617 8375 3310 3579 7967 572 6884 648 2642 7314 7870 8044 476 3936 1274
1849 3907 3410 2791 6914 6667 3444 7538 8206 400 4876 4133 2692 7454 5298 7377 4544 453 7608 4387 7760 5925 5133 5778 311 1977 6443 3698 4003 2278 1263 1682 6132 3403 2631 1084 40 8265 1543 717 4511 2675 4271 6577 1840 5867 2610 7976 7747 7659
6400 3685 1430 225 7145 2017 4426 3526 440 7818 2222 1668 4923 3579 1655 7997 7066 2137 6376 458 5102 4866 2483 4530 7500 7736 4432 1463 5737 2088 8387 8382 8312 2442 1521 3642 557 8489 7246 2822 4760 7263 3214 1976 5503 442 2698 4894 3549 394
3773 3288 8473 2367 6804 1016 7531 5209 5503 655 6356 7530 8070 1942 1004 1838 2116 8149 2768 653 441 6032 1718 7345 6315 5441 6113 3017 2197 3310 2316 6207 7470 6432 2903 7687 5544 5052 6638 2244 2624 5457 612 1545 6807 6299 1935 5513 4646 2552
7795 3052 6350 5457 288 6561 4640 714 5038 5230 1455 4689 7750 3311 461 1886 975 6311 5012 1543 7785 4612 6338 3064 3924 3096 4066 2117 1825 5254 5209 976 5169 2297 2081 7325 7234 4097 5926 4690 1716 5022 3709 7693 2772 5137 7171 1848 6689 2742
3411 581 326 7924 1879 3667 7706 2858 943 2882 3353 1090 2108 1152 6363 958 565 7220 1231 3239 7037 3490 7826 7834 2701 6182 3914 2592 1927 993 4623 1857 4947 1378 7559 816 3140 6941 4626 1153 7395 3492 2892 737 3457 2745 6130 164 8031 6050
3783 1235 3348 564 3773 6305 1585 7282 6935 7718 8079 7980 2137 6712 579 7531 4947 1400 4235 2225 7035 742 1296 7912 3830 3263 2876 870 4453 7298 319 1304 4 8358 3921 6765 5479 1146 7808 2784 1828 6006 4958 5677 5329 1155 3896 313 4070 5242
5300 1104 2697 7306 3954 1507 8338 230 2946 3160 7872 1304 8035 5711 4375 7139 3210 7463 2846 480 3741 2744 7542 8114 3128 3427 1250 3567 3873 7948 108 8215 4558 6163 2281 4203 7089 8374 3674 5535 6023 1025 5774 6693 1978 728 2809 4509 4436 7680
766 2418 2897 853 6684 4655 1849 2724 794 5432 3175 5560 844 964 4237 5546 1564 228 3301 3453 4523 6099 7179 5850 285 4838 6996 979 6159 6324 3227 6241 3171 5857 2554 441 8028 2241 455 1483 7887 3114 5288 32 4870 2681 1930 4956 2328 6453
4860 4601 3305 5235 2728 2282 8135 5582 5632 2161 6387 412 2829 4095 3757 7751 3161 5624 613 594 7642 379 979 1122 991 4127 5871 461 5951 3883 5452 2359 6000 1397 6135 1279 4911 1317 8425 6272 3153 4797 6899 609 1037 2779 7957 4678 4754 6814
5212 7678 2987 5968 2519 2484 6796 4162 8064 7263 7256 7708 2796 5229 6761 8126 4509 6032 2910 1970 7032 5368 2478 3402 6434 4553 241 3050 3012 2289 349 7112 4322 8228 2037 6026 2312 5925 4715 7726 2781 6160 6855 2900 3539 3845 3296 1724 4092 6521
5657 3751 8427 6910 6941 6268 1456 6829 6102 2931 2739 317 4761 4170 7162 6279 2309 8059 5302 4057 3112 641 4711 2419 3099 7807 5553 4533 1826 4060 4064 5444 3092 90 6929 3159 5972 3837 3551 2335 2992 4043 1311 8478 7080 1620 4663 5482 4669 4646
3447 8083 6393 1247 5781 6674 2857 6854 7703 8447 8389 142 3823 7337 3341 5136 8282 6484 7799 5564 3777 7599 7314 8347 6659 1178 6370 7136 4355 432 5635 5321 1880 371 1869 7911 6473 6758 2393 645 7506 5948 4655 3452 2768 5903 6533 7828 5133 8328
5306 6765 8411 3631 6260 6949 4665 4780 2207 3206 5646 5059 1242 3096 833 2733 7943 579 4510 8112 925 1996 8121 7154 2220 7866 306 5345 5437 7797 918 1079 5136 469 6700 7561 4814 5830 5284 1327 6092 7806 4658 5725 2755 1005 7667 2678 7289 354
6524 3804 1065 297 8071 5664 5766 2164 2088 6271 3065 3491 5458 7100 2794 556 7173 2784 6577 3092 6737 2776 4930 7628 7325 7439 872 3818 953 7151 6518 1445 6083 6040 6806 1548 5914 1417 3654 5279 1858 5404 4979 6771 2802 947 4071 821 4144 5253
3571 7158 2233 3976 7867 3156 8087 2381 3423 7945 3367 1042 7835 1715 7353 1836 1361 8194 2901 7511 2381 3941 842 3729 944 3754 604 878 4904 5554 5802 2822 1643 3978 6312 1137 7969 8314 466 8160 6910 3628 6734 1245 8064 5880 6443 234 1730 5498
5097 7217 1422 2257 7610 3223 3570 7917 1251 32 1766 465 7839 122 7435 2096 2100 5557 8291 5437 3288 6140 581 6689 7188 4553 3397 1163 661 3639 97 2200 2216 1985 7108 7609 4816 4762 1198 6402 4501 2468 4391 941 4174 2402 3255 4952 1552 7252
8221 2660 2201 5058 8234 5099 7817 8046 6007 3691 5612 5204 9 7532 651 3332 8146 3779 4231 568 5633 1014 929 6780 688 8444 2519 8411 5319 2607 8107 7447 1305 2179 1635 4284 6643 119 979 2616 7250 2307 6887 5199 5573 6661 7429 6205 3752 7621
753 4948 5930 3375 4430 5355 3220 4644 3661 1431 3905 2482 1671 3007 4486 5280 1760 40 6235 8342 3521 5285 5467 4803 4720 7481 927 4020 5004 4721 7588 2731 4360 3417 4239 5835 4136 7532 1232 4165 6032 6180 7493 7338 3589 5436 5380 3770 5874 3016
4794 4956 4915 8456 2442 6698 1583 707 6385 3373 5480 3376 4391 3652 1384 7456 1322 4380 1841 1565 7117 2083 4614 4174 519 5027 4495 5987 7732 6127 932 5376 932 1909 5132 5056 7928 2955 5731 3526 7160 2719 7315 3687 1685 61 4625 4651 5011 7075
3278 3734 10 548 7158 4099 6408 6697 2249 5906 7318 4500 4155 4187 4897 6 5365 4942 492 6989 4283 7350 1764 4691 5411 3540 4394 13 834 1997 2388 6403 4240 3869 6366 7358 5536 2410 2654 7756 1922 7954 3459 4328 4703 176 3835 1625 6865 7561
2006 7014 4131 2735 7875 3365 2490 3838 6399 2307 7579 8187 7901 1366 2312 6065 7516 2077 4695 7061 636 3662 669 1501 4862 3221 2731 7468 3679 4177 1973 7291 8347 4877 6089 7398 1384 260 4912 4301 4135 1448 4771 4603 2905 6622 4379 7850 1539 79
8487 3668 7911 2236 3625 1409 926 8035 8412 1911 7303 4518 3272 1383 2754 6563 3900 3396 3248 4163 602 7886 7170 2667 7502 5755 7398 6889 2796 3588 2421 547 6160 7246 4560 2960 3892 6567 5370 7667 3079 5771 3258 441 5360 2906 1670 3204 4858 3441
5044 5593 4072 2300 7506 7479 224 4590 5236 557 570 211 18 7382 3437 4480 6815 5211 873 7772 6587 7575 758 4357 6890 3502 4409 711 3711 802 5038 6891 2746 4441 627 3761 6671 1476 4960 7189 7138 7422 1310 1971 5876 5470 2422 1345 1793 3124
5206 1741 5815 7308 982 5668 5917 7603 777 2863 2502 7422 5771 2029 4767 7329 2613 2546 657 1128 6944 3550 8395 6205 2944 6973 951 1319 5624 2301 7912 3197 4870 7229 6210 4445 244 8133 8267 6683 1589 5330 8134 2058 636 3183 7251 4797 2507 4294
456 5164 2272 4523 7440 3222 3649 6841 4352 4826 7243 1331 4347 5450 4125 2476 6042 8300 1104 182 658 1242 1671 1889 462 1869 471 2430 3540 3082 3780 877 4492 7765 3835 1524 2003 865 1771 8301 3406 639 4591 4268 8346 6423 1662 6480 6959 6508
2179 7541 693 4296 4976 3333 8211 5470 4272 595 5731 2466 356 4260 212 2430 8438 6810 3785 2619 160 3515 3943 3383 4851 2104 6185 865 8075 2205 8180 253 4796 6730 1531 2863 4093 7651 5484 6660 2854 5910 6840 3389 1403 7864 2485 2179 2871 3535
5420 4573 1572 4899 8096 4223 5741 2062 6243 4816 8172 2352 1061 7253 2370 6255 2350 4200 1136 1399 6879 2211 644 6312 4069 3770 914 568 4646 538 3404 870 6723 6673 788 149 1941 5815 2648 1237 4764 789 5617 766 1300 4600 7168 8493 1028 2491
7894 3336 8292 2237 7522 6669 4819 1006 2525 7957 814 7876 1752 2782 6726 2521 2702 4685 6873 2525 7056 3270 907 4578 7400 6857 3172 1681 4147 6081 7715 5267 8230 5141 7157 7327 3887 7626 7848 7236 4745 5034 7504 7066 1439 1085 5570 6793 7253 6589
