50 50
3141 3319 5791 2088 3579 3363 636 3621 4592 5022 5648 643 2467 4203 750 1137 1426 1781 4434 3283 5707 2126 4762 4813 4369 3909 5218 5385 1272 2535 5305 2189 3470 3562 428 2402 1995 2197 5037 392 408 350 1839 5637 4897 3573 3391 1624 4220 4488
1421 5683 4010 381 1988 5428 1383 5305 2213 885 4179 3036 1595 3279 3234 3536 1281 1153 5095 226 1325 750 2632 2346 5347 2196 374 2466 5657 3730 113 2557 1414 1947 5137 3028 1815 4255 2616 4662 1205 3536 5678 2717 5383 4919 1811 5840 907 4181
2107 5883 3577 2635 5657 4755 5790 4248 1957 5397 471 3929 4496 2209 416 293 3833 2507 2538 4009 907 539 5012 477 2140 4927 1677 1043 1272 840 300 2320 3535 4852 35 5315 2427 2495 1883 2141 4511 3014 5961 5519 2577 4502 5416 741 5320 1809
3547 4779 1791 2172 5170 1209 2107 4100 932 1358 3719 2472 1570 4457 4206 2214 26 3114 5061 5067 4591 3061 528 5607 5191 2416 4702 2454 5406 4019 2808 5083 2220 1763 2623 423 4385 3501 377 4279 3055 3603 4270 5439 5024 5424 2475 795 5337 1449
3351 3584 4878 201 4858 754 3673 2578 5372 653 3925 922 80 1728 4171 2814 3424 5730 2355 667 5839 4762 2359 5725 510 5691 4268 2244 2744 3609 4294 5679 813 2027 5669 462 5261 5255 2680 1643 5414 1277 1086 239 756 3819 2187 2949 2908 4206
2806 494 2143 5340 5821 701 4739 2542 3779 3957 371 87 4009 4848 1269 2695 5416 2356 2419 35 3013 4672 4042 4916 4454 674 4769 2179 4696 2337 3568 4491 3806 2513 1696 2596 1410 4721 5917 1686 387 1193 828 2770 2066 5860 2309 1083 2002 343
5878 4356 3372 4654 3252 2643 5022 1598 3610 2544 3831 4220 3226 41 1323 1395 4507 1790 5867 4366 5765 5141 3239 2498 3401 2837 5631 4198 3497 5973 2220 5710 2702 741 4670 5630 5128 22 2346 2759 5480 5758 3145 736 5918 5678 2731 4538 1733 3000
2114 1877 2943 5812 5835 5825 4443 2035 4623 1442 4628 2230 5862 5753 2941 2312 2219 1918 4684 1365 4276 835 4064 1733 2353 2643 4369 1328 4863 2813 896 3749 4567 2983 3652 1292 4846 3000 3797 2750 1673 1558 4247 1092 1568 2705 1744 423 2772 4540
600 1393 813 412 4943 3412 5038 2983 824 4554 1745 1869 1778 2398 3058 1502 4332 3311 3975 3990 204 4271 189 294 3049 5704 5463 1782 4989 4983 4512 5211 4190 1818 1213 1895 353 5913 120 1248 5638 920 4145 70 3980 319 1636 5040 653 2920
926 2852 1472 822 4613 4442 5327 2488 1135 1544 1777 509 2012 403 4246 3571 5911 521 4431 5329 5336 5850 5046 701 4151 2565 4310 882 1869 2455 3060 5441 2848 5324 152 3830 150 2446 4735 2491 5535 2425 5118 282 3455 2211 1945 5463 1052 2711
1719 2910 3855 1682 5656 5730 3548 366 4883 5889 2829 4673 2149 284 1695 2154 5639 3552 885 4403 1951 4118 2216 5152 5007 4396 2184 2928 5276 2015 5144 2975 1054 2690 3848 3989 4322 2013 5184 5861 2509 4487 2256 5316 5927 4800 3650 34 3805 2002
892 5181 4790 2340 5508 4023 3960 908 5087 385 684 1273 4204 1106 2968 2543 5291 1013 1742 4043 284 3750 3075 2578 5843 3746 48 4476 5757 1316 3815 5691 1674 4293 690 5914 5633 1769 4177 974 3134 535 2618 4116 5779 3761 2402 361 2234 4100
5251 3709 5248 1159 3857 3315 5520 744 5901 2314 5030 5667 321 3376 962 2223 1673 3165 2789 897 5537 5967 4538 586 5860 5293 5747 982 2135 5295 5103 5644 796 459 5142 1373 5950 3582 2261 2804 5296 2621 3437 4239 3659 5810 5678 5307 1389 633
3317 3279 3491 5789 5599 3043 817 5869 4261 4797 5352 2346 2080 772 2686 972 2755 5199 4536 4757 2490 3558 1641 4330 4305 3728 1185 1967 4686 2023 190 2301 3912 1553 2873 3103 122 4546 3876 470 2087 4876 247 1350 4611 5903 3283 4796 4723 1107
1329 2007 225 5110 771 1923 5855 1722 4400 5489 5723 1103 1467 3132 393 1740 3768 987 5087 2587 425 5961 3879 4815 5326 4391 551 5550 5518 3933 4601 4551 1843 5273 4779 2344 2953 799 1461 4785 59 150 4107 5938 3560 3162 653 3680 1033 2837
2560 5683 2824 5827 5945 1423 3539 3286 3647 4349 2340 1518 2648 4664 4759 4489 3988 2713 3520 424 26 2883 4412 2724 445 327 1313 5856 2946 4846 4935 262 1121 5165 4735 3047 3735 990 3234 5135 2081 565 2684 2662 2456 411 4456 1939 781 1013
3039 3464 3562 3085 3325 5365 4765 425 715 4590 4283 520 3920 1514 2769 2052 361 4176 1492 617 1592 4479 2814 5221 2699 5031 3717 2 1964 351 2442 1205 1707 3311 959 42 513 4267 1950 1342 3162 3979 3162 4864 1486 1958 5831 557 4124 194
5394 5076 2962 4859 5247 4595 4343 5861 4092 1545 446 2573 2540 3285 1993 4394 1095 5493 4541 1761 972 5500 846 3204 5813 813 2507 1548 1930 4600 3161 3990 1208 1538 5140 1670 3424 4472 3935 2798 2248 4870 4223 155 4580 2134 856 1094 1562 2009
5353 3148 2898 1922 5764 5312 902 5006 4624 4 2101 3797 63 1031 724 2940 1476 2578 1665 5345 4539 1040 1041 4676 1955 1861 4830 2546 994 5824 3313 1471 3523 947 464 3547 2504 4487 103 5074 3806 4092 3366 2092 646 3588 4268 683 1429 2161
4026 2661 86 2605 5344 390 5636 1417 5102 4135 4612 5737 4719 1555 2482 4546 89 348 2402 521 5893 5732 5703 247 5199 5368 3624 4582 3760 4081 3937 1495 4184 1741 4588 3415 1852 247 5987 5239 5379 3485 4353 3398 4739 5952 1972 4976 5153 2276
1922 1258 1126 3816 1043 955 4515 2246 101 3755 784 4617 3820 3348 1180 5517 518 1615 2261 3666 5821 3331 3823 5468 4530 538 2270 183 400 5611 286 5940 3526 5365 5870 4675 1128 2699 3858 1295 477 1736 2793 5978 2638 1141 457 3000 2132 2104
752 1396 3203 5337 2665 460 574 1819 5020 4972 2487 4851 1398 4797 3115 4997 2361 3342 3764 2475 757 5700 425 1859 493 760 2631 4087 1901 4411 141 2516 4392 4462 4614 5620 3417 2174 2641 950 1796 5623 3792 1096 35 1559 5261 2482 2777 3982
4155 2487 4658 320 4836 4744 5574 3766 3610 3728 5622 2530 797 1045 1242 506 3227 5153 781 5653 964 5110 1264 1912 4332 1371 1739 4023 552 2815 4397 868 602 2710 5724 3454 1455 1418 1618 4707 5007 3368 4481 3062 2939 4752 5793 1609 3148 3407
5280 5253 4275 3086 2398 1592 3489 488 4207 5229 5775 2566 1811 2888 5119 4614 4419 3378 827 2213 1712 1016 4930 1571 2188 2710 1561 4386 4266 4351 3719 5841 2968 5609 1855 1010 1505 478 1159 3065 2203 800 5526 5284 696 1418 36 1897 4126 5103
1123 1641 2936 2151 1571 465 2499 4425 1787 3289 527 5157 2345 3755 2549 3001 3354 2620 4527 4193 188 830 917 1588 2253 3185 2149 1266 2768 376 1113 3654 4402 5438 4370 3131 4038 4530 2084 4339 2362 3589 5811 5950 5615 2659 122 2571 2647 2788
2340 1691 1379 5611 5197 5699 3842 5355 1315 1603 3348 3905 4380 647 4855 5194 1743 465 3298 800 1333 1786 317 1081 5911 4938 4117 731 5378 3581 1216 44 5131 5589 2828 3139 5316 1997 2551 4495 5586 4733 110 5286 5171 236 1825 1322 1993 4015
1041 3062 2101 2516 3535 5152 3555 3114 625 4764 5954 3541 5145 5634 1707 4631 2656 61 1201 446 3799 4358 5437 2162 5852 5025 4232 3492 5839 3361 162 2411 5300 2875 4362 4595 242 2736 3679 4117 3598 365 5481 328 1908 926 3407 4175 2106 4917
1942 2905 4989 4091 4589 4766 3664 4791 840 2602 2703 1364 1696 1231 5566 3000 1601 3685 599 3174 2538 1192 318 2108 488 5701 1741 2878 425 1848 4887 3618 481 5104 5434 3554 5439 593 1983 5684 2860 4690 2205 3105 3403 3124 1133 5042 4294 6
3849 5853 5652 2248 1924 4143 3652 5927 5046 4400 761 3075 3973 5449 2948 3905 1807 3651 2815 3432 5598 4756 2892 3351 2337 5222 5994 4884 3530 1584 437 1636 2117 538 2535 5971 4798 5101 5388 891 148 506 5838 3022 1222 1668 4280 3806 741 2324
3345 2994 3838 3413 385 1987 4578 5698 3336 334 3853 133 3246 5523 4454 1996 1198 3557 4056 191 4764 4262 3161 283 2997 4006 5211 3267 1677 2562 2402 681 2943 296 3932 1837 3041 642 5477 4267 1879 28 778 325 1021 3210 5261 1755 3216 2274
1218 2687 1706 4003 744 5206 3524 817 530 5313 2875 5304 1224 480 913 4959 4790 2624 5348 2296 5273 1148 5633 2174 2231 1749 424 177 5617 4291 1663 65 3501 3086 4248 876 3394 3017 2287 1291 2999 4443 3826 5149 4941 1644 47 463 1723 883
4328 883 5833 2206 2128 2353 5916 2074 3479 4036 2863 557 3605 1822 5189 3827 4464 5823 5960 1877 288 5242 529 3089 2965 2774 2913 621 3907 2414 870 5373 2136 5810 4177 1307 3853 5081 1143 1915 2230 4714 2769 744 5472 5228 3973 1655 218 393
1379 5854 4157 798 950 2005 4384 3457 3682 5731 3623 5539 1311 2743 3361 3893 768 297 3776 4842 2943 4216 3114 829 5222 4445 3196 5396 2847 3371 2217 1982 5354 279 2403 2192 4306 5788 5424 3831 3270 4907 5453 2907 913 3836 2240 3439 4626 352
1251 4982 2268 251 2412 2643 4118 7 5497 3706 3545 4673 4295 1712 2562 958 4814 1236 923 1834 2773 1622 1782 2214 2138 5690 2104 2171 3896 4987 2919 3502 2877 875 4501 4100 5333 3593 4598 3915 876 1570 3650 2488 3346 3966 1700 5069 3313 1755
2476 2422 2020 1196 2985 2306 1643 5481 110 558 104 5536 1333 4418 5973 5717 3241 5812 2096 553 4680 5640 199 309 5683 5598 3562 2469 3787 2811 1080 2759 1764 5595 614 2576 3948 1846 170 2590 4955 106 2549 5511 488 4553 393 4177 1665 4903
2037 5445 5855 3725 3355 2367 2276 4130 5182 4785 3823 5808 979 2178 273 2987 3222 2386 4650 2674 579 1930 1451 4497 5950 4900 3079 313 5111 2434 3201 5045 1914 5678 3457 3450 5747 5659 1109 577 5454 744 1297 1949 558 1568 5841 1586 3873 2457
4201 2425 5575 1072 1728 2997 1444 641 898 2056 5839 4167 3699 4634 504 726 307 1982 1535 314 1960 3567 3876 86 3116 5025 722 5633 2349 1181 5777 2207 5751 2075 1476 3500 1250 3582 1960 3378 5429 4953 1776 4196 2384 346 5712 4848 3121 4675
5639 2231 3049 758 3395 2862 3445 1832 1703 4068 4611 1589 5691 2806 1725 3716 2732 4811 4416 4720 4795 3771 5605 541 4498 3017 1981 3513 2031 2594 2191 2058 4556 3255 2390 4646 5292 3130 5043 2085 3486 4187 280 66 2001 1352 5395 592 5302 2768
5916 3807 21 3009 5374 273 3497 354 4653 787 3571 2988 5097 618 2924 942 2600 4036 5039 3684 3169 4599 1144 971 4254 148 1839 5145 1047 4069 4551 2308 2215 4939 4641 3459 3389 191 1596 4348 2802 5421 900 5840 662 1109 5509 784 3114 1219
4749 2498 3075 5785 4207 2070 2032 4588 933 2909 1863 1309 5020 1954 2611 3487 4127 114 5845 955 5226 2863 5122 3407 63 3197 3816 4144 1191 335 2932 1129 519 4392 2760 1854 743 1195 3379 2863 3759 4400 3823 1524 3713 4856 1575 5300 2348 2662
3932 3988 3258 5949 3704 2118 3096 4179 233 1878 5215 5723 4058 2425 4334 761 3888 4894 5224 3975 1675 1602 3181 1529 5504 3953 5856 5463 172 3280 1718 597 902 3736 3789 1766 2045 3973 4267 2765 2577 5325 1570 4504 22 929 5867 350 1091 1059
5599 1390 1445 1495 4773 1140 142 3171 5062 3146 565 1042 744 134 260 1720 2784 2104 1526 697 1414 2522 2901 3140 5712 41 824 3278 2576 5423 1203 2135 3219 1182 2074 4860 5450 4300 4053 4829 2447 5983 1604 4714 1435 2890 5448 282 3941 1089
1783 3827 1434 4142 3407 3341 2958 871 2446 2143 2855 3176 1171 1082 750 2296 1977 5306 1620 4458 1249 5249 2304 5138 5696 848 3573 1471 1979 123 2678 1464 753 4985 5628 862 517 3090 2193 86 2745 1746 4852 3776 4155 2836 3319 1871 2386 4957
5877 5547 5749 5485 844 4738 3849 1412 4705 564 3529 3589 1800 3828 1062 5949 4241 5585 127 1610 815 2465 1988 4186 4916 3757 3799 513 1584 5029 2409 3785 379 2263 5608 3516 881 5828 3630 4261 4374 3941 5644 3104 4846 4595 572 277 768 4485
258 5105 720 5259 5663 4899 2945 4225 4016 2791 1938 4749 5564 5361 1721 1795 4648 5564 1374 4203 4722 58 2446 2840 2198 2454 5856 2669 2306 1020 881 4986 155 2136 180 614 5911 1379 5860 1458 2779 892 549 990 4196 5196 5894 4741 1778 4800
3282 1736 2649 3370 3152 1277 1742 5298 99 4139 1815 2801 2005 5624 4137 2705 522 1254 1313 4482 5879 5179 4382 2696 5372 748 5753 1525 3380 3932 4608 1893 2525 3070 729 4312 999 5158 3166 2806 4189 493 4240 2665 2515 5097 5323 2704 5910 1439
2953 521 5385 1339 4599 2594 4303 4203 4573 816 2373 2454 1479 1037 5205 5183 3772 5444 4929 1225 539 31 170 4583 2358 4688 483 3667 1126 1556 3476 2366 3288 5062 100 5928 3916 5407 658 260 1367 2068 727 960 4885 2247 724 928 5141 3198
3679 4835 1652 5110 5393 5735 481 3833 4907 4738 5295 36 5398 5009 694 4485 2671 1609 3047 1287 1318 474 5861 3898 1404 1990 5011 1174 3970 1880 2963 4372 262 4271 186 1774 137 3162 5827 2339 888 2702 4379 4405 1775 4885 2428 3913 3483 3879
2512 4468 1455 766 4205 5537 1019 153 2351 4297 5183 31 4160 1932 697 1135 1331 2111 4703 1921 2758 1480 3564 1839 2398 3104 5652 1288 1717 4658 3501 3406 1424 5192 5235 1220 5688 476 2330 4899 138 1010 3618 4763 1694 748 1688 392 2335 4367
1510 65 4259 107 413 645 2765 5990 4761 5860 3899 2169 1881 347 3132 1701 522 1858 573 4137 5637 5060 5342 4010 5978 1618 5602 927 549 388 1019 2662 3392 4910 770 577 4531 1451 1877 1959 5570 2333 5386 2044 528 3683 1338 4815 448 1182
