50 50
2693 3697 1674 5394 6107 1529 2068 1200 3637 1097 6541 237 5133 1684 332 833 3545 448 4404 6496 444 4553 3934 5455 401 1361 1068 2914 6178 463 2042 5864 4 5244 2492 6027 2155 1739 4530 6143 5260 1347 1747 4116 6791 45 5120 4904 4894 4655
4196 4096 1071 6639 2123 3216 4997 525 1145 41 3673 5345 5856 3017 6056 590 3227 4487 411 5015 2119 1215 864 1107 3048 5266 6742 3280 954 1761 6187 1428 3281 5660 3705 2773 4455 1486 5337 5700 6853 4825 2821 1512 65 5852 6114 2866 283 6751
2300 6459 4960 581 2964 445 4179 3907 4202 3110 5186 2678 1367 260 1700 1671 6303 4221 3662 2116 3734 4409 3855 2518 5786 2671 2265 6582 2969 5768 846 5437 1067 5916 5378 1367 5422 2362 1288 4248 530 2823 1205 2574 5223 6029 4989 4029 1370 1729
2135 4743 5660 3617 6591 4675 3415 4533 4106 301 3917 6583 4017 1696 4929 4950 6414 1846 5893 6904 3242 2134 2636 5290 2987 6104 68 27 2216 3613 2592 6310 2831 1576 938 4988 4675 2336 80 1130 5339 3545 2437 2840 5744 1485 1490 4663 834 6371
4709 1135 4834 170 5075 5651 1572 1364 5778 6634 6367 1544 6211 2689 2086 5118 4679 5282 240 1428 2749 5523 4687 6669 287 6581 6341 2426 5690 6094 3225 6752 2398 4624 468 6235 2070 259 1111 4764 5809 5032 2549 2182 1641 5971 4691 3426 5467 654
448 6054 1293 2007 5118 1352 2184 3467 2688 882 4213 2012 3498 2125 3329 5202 3205 2870 243 230 4574 6630 4389 809 2306 3437 4248 3741 391 3380 4298 5828 3061 1197 5574 1485 1844 5609 6675 507 270 3606 2835 3170 5619 2171 6117 4419 3323 2092
681 5556 5775 6957 4428 6483 3039 5822 137 5460 2033 6458 725 6725 2408 634 3023 4191 1395 5347 734 2006 2213 4596 4846 4921 6285 3715 247 4782 3754 487 2197 5491 3827 1169 6881 416 1096 4771 4317 5386 923 5371 939 4076 1654 6540 4991 6817
1035 1271 5480 1892 2927 2978 6800 6724 5061 2540 1492 6396 3757 5220 900 1256 3047 4587 1608 3244 5527 2049 1938 280 3709 2712 6107 6613 2179 3356 1115 5997 6914 3482 754 6321 3883 6652 6285 3356 2877 2451 1189 1690 5192 5886 3775 631 2473 2877
5021 2470 5134 6294 5498 6969 4869 5591 2046 1330 79 3270 6505 3951 2583 2822 526 3990 818 5411 1064 5328 2329 511 5027 922 617 3793 4610 6665 937 226 2282 2405 3953 5219 578 3537 403 1766 4868 6675 2477 1897 3150 2316 3317 6102 6374 2073
6102 3438 133 4138 277 706 45 2672 4748 4886 1776 4887 5183 1104 3900 3024 2765 6168 2635 684 4238 4514 444 6632 5320 2564 6445 6597 5655 559 6473 4844 163 813 6378 5605 4439 4599 6408 2901 337 3359 17 1946 312 4911 748 2013 167 5327
76 311 492 5665 734 2070 4029 397 1540 3139 6644 1680 5967 1814 1447 184 4294 2777 3015 6436 2369 529 1862 4328 3191 4369 5770 5695 2429 5843 6342 2463 3181 3506 2622 6042 4880 2320 5814 2002 3295 1608 2877 1683 2862 5873 5936 4333 5565 1428
2420 6175 5838 1476 3621 968 4715 24 3349 2232 5051 4632 1625 2557 5832 1027 2180 3893 162 4787 2822 822 6700 5895 2619 2483 4334 5813 56 2708 6339 4300 5539 3711 2081 2637 3253 5114 2794 6363 1934 2841 2399 4817 698 4936 4178 2885 5699 1812
2618 1213 529 6800 5334 1632 2504 4077 830 2928 3780 5155 4695 459 4543 3319 867 566 685 4869 1320 6815 4563 4046 3506 102 259 5732 679 4106 2725 6515 1109 4068 3882 5353 454 3084 4195 3450 5657 6969 5074 2920 5186 1485 4930 5496 3913 724
307 4782 3530 6973 194 4730 2340 1242 3681 5009 2770 5409 6072 6725 5379 3337 292 6031 495 6595 3605 6577 719 4485 6956 1890 3045 4140 5919 43 834 2515 3640 5521 1625 6284 1924 4132 2459 4206 4421 3671 6407 4498 789 213 3481 2907 6377 2101
6632 6407 5771 3788 1241 656 273 996 3080 3724 6703 4946 3207 2677 3040 2529 3733 6703 5295 4972 1153 5328 6871 6115 3814 4512 1098 2245 6436 5564 3852 5476 2320 3092 4325 2522 2066 791 1488 4167 6291 6337 4903 6664 2352 169 35 2599 2807 3042
4713 3859 3480 5548 2824 6837 1998 5429 3378 838 5581 170 3061 953 5308 5996 2504 6264 815 2569 2827 1003 4760 5849 1769 128 6048 3256 5108 5408 5865 3476 1922 1701 4087 413 1704 1776 722 3934 6133 4797 5231 6910 6941 2173 5585 2543 3156 593
4014 1348 5028 5726 536 5759 3143 4811 6818 6474 672 5304 6577 6535 6250 3621 652 3808 5045 6249 6574 5439 2550 4275 2421 5712 2525 2189 5692 1596 6840 816 851 3171 3972 550 4956 3816 1612 4570 259 6154 4907 1523 3812 6946 2019 6082 2986 6450
187 2928 2364 268 1756 1339 3683 3162 884 2222 5224 6908 6596 4389 3603 3661 5420 1147 869 2438 59 8 1194 506 2428 4926 4627 193 4109 2806 875 4312 3965 1065 1247 267 790 4176 922 59 3963 5591 5141 976 3156 6031 2258 3023 6258 2347
3401 2864 127 4580 2862 132 6971 1860 5231 6995 5279 1742 2553 5865 4012 5973 3924 5791 5529 6508 6955 6066 1830 386 10 854 3996 3893 5449 712 3984 3762 1460 1195 5473 336 4428 5234 6464 1342 4907 2427 1481 2038 3022 1089 5983 534 6384 6109
4963 1774 1130 2943 2992 5255 3364 4912 1902 2881 4825 6473 18 5477 3625 270 3108 797 634 5088 5172 6263 1810 6028 664 2127 3674 5313 2737 1048 2882 3031 3561 4660 6322 2963 325 1437 6401 5454 4636 5345 5825 2942 4352 6360 5646 2069 1209 932
2825 5564 1279 3425 1004 1116 5380 5104 617 714 6591 3001 6654 11 1275 2554 770 6428 2267 803 5721 79 6284 5941 6932 344 1829 434 6995 5264 4362 3600 4130 2703 1328 2920 2714 55 1159 2769 5116 1264 4417 1512 4324 3963 1635 3030 4815 6129
3804 545 1330 5705 4743 1146 4481 5247 4401 4122 386 2856 6228 3266 6472 5536 2066 1910 2683 3598 3041 3957 414 1409 4493 2819 2058 5999 4033 3931 387 6159 2620 1718 1678 3745 5057 410 1333 6995 3397 6331 3367 6461 424 2538 3170 1643 362 5088
2663 2304 6810 4676 6851 4303 441 3390 1 4818 5947 2740 6754 5680 1952 1610 5895 4145 21 6104 4783 1421 995 5824 5923 6714 1615 2988 5459 1291 5713 4902 2976 301 4879 3492 1345 3249 3353 178 543 3643 6263 127 1104 3199 3503 3451 2584 6405
5137 3695 958 3619 4734 4632 123 6522 3955 2839 5690 4840 410 1791 2970 3177 6816 6746 1380 3051 3886 1663 3637 2044 3594 3927 2943 6878 303 2288 4193 3212 2096 5478 2651 3266 726 3959 6054 4007 3034 4688 5211 4802 2303 1427 1288 781 3767 3730
1011 4631 2533 883 6064 856 3836 3637 4116 243 3149 1810 5116 1070 4923 4061 6996 4795 4773 2745 5218 4196 2614 5423 5056 812 3370 5660 1744 4179 774 3978 6085 2297 1907 5217 3041 2152 1535 6293 3455 1131 6530 515 2383 1183 2690 6787 5066 3511
3089 4746 2372 5725 1620 5111 798 6515 1847 4982 6093 3854 1948 4210 6283 5958 4477 4603 1905 4395 5615 879 3782 5296 5864 5258 511 285 4577 2469 5447 3477 2342 6087 6664 47 5748 1902 4621 5734 1624 2499 4022 5559 3574 6609 2255 16 4690 5858
1185 2048 2779 5641 3070 3305 2366 3365 5963 2587 6957 1466 3819 1860 5167 2461 4480 4316 3031 870 5029 6817 4307 1196 5769 4995 518 4412 1460 2311 4405 1756 4226 6919 6283 1610 3853 3454 5944 414 526 24 3889 6963 2684 2035 4595 921 1093 4980
828 5945 2255 1791 6338 2808 3128 1147 5868 909 5654 2227 5507 429 3595 6236 515 1501 681 3128 2670 3925 6443 538 3869 1620 1685 5180 2729 3626 992 4381 3345 4566 3697 2807 3502 5311 5512 4125 6171 2400 6114 2244 138 6872 3198 2405 4278 2898
754 6797 195 1641 6409 5259 1823 2601 2647 5496 4609 6509 6973 4135 6222 66 6614 4180 873 2733 6703 4660 2790 2996 5773 302 6173 4915 3587 5899 3858 5712 4563 5554 755 6542 4713 3187 170 6246 5601 3966 887 4279 1509 6203 216 82 3036 6883
6800 2394 2193 4586 4630 5131 1473 6190 4325 26 866 5408 4182 354 5109 3614 325 4350 6082 4548 313 6115 5304 402 1711 6439 2542 5419 1342 1496 3077 5757 4588 2855 2583 6753 2433 4197 2658 1064 6105 6550 790 5827 6473 3875 412 5331 6199 3824
1912 3710 6697 4743 661 3054 5784 3446 5584 629 2463 39 3521 2741 4360 1189 1191 384 2908 5278 305 5938 1425 1582 5389 6808 5363 893 117 4135 5357 1628 1433 3196 4813 2806 5010 3749 4361 229 1289 5910 4307 719 4698 3703 6458 489 5641 2400
6112 109 3503 6762 6897 3369 961 1874 995 1467 1557 4840 1292 493 1883 854 4213 3360 1827 4483 4233 606 3603 629 3283 5417 4339 2489 6471 4815 4470 4478 2696 5314 3064 76 145 577 3300 1647 3437 3024 634 1524 5734 2457 4769 6848 2138 3041
3988 5125 6196 2461 3532 6505 5296 6350 4171 5097 3631 4047 1356 48 5308 1754 3972 2528 4420 1129 318 4118 3989 3186 2837 5260 2669 1322 612 3382 4525 3087 4532 318 3133 5208 2368 3661 6689 2572 800 5190 5573 1802 3390 5779 4037 292 2766 4858
2617 1288 6963 1957 4702 5140 3451 2612 4911 4339 6862 3893 6184 6852 6964 6496 5435 4555 5032 2360 569 5023 3061 3247 1655 4966 4093 3927 138 6139 5624 5024 6536 6924 6009 2019 6392 5054 6798 3241 1097 6148 1876 438 4456 1588 6395 3534 5057 2532
526 5479 3607 5369 1219 4934 3540 1489 1093 2267 804 2970 3061 428 1304 5787 252 6694 175 402 256 3933 6590 308 1175 1624 1896 4694 3207 4174 7 3962 4685 3428 1082 4977 3501 5123 476 2399 2562 6416 5957 807 2858 822 540 2385 3044 4527
5390 1411 280 6709 4992 1748 5566 6246 3181 2369 2211 2189 4241 1533 3116 2587 3925 3092 4821 6443 4485 5893 3331 2341 6948 5027 5908 3475 1322 6348 3152 5222 1517 1457 671 4544 44 3938 5932 2238 1226 3781 3557 3049 4173 6186 6382 4053 4668 5575
4187 1191 6223 1663 6651 6604 5872 2846 1085 1782 537 1893 3925 4241 2049 2563 5030 812 6400 6364 4235 4983 2089 3287 4516 6243 4671 4739 3707 467 4359 5563 1668 4339 4155 4681 1739 403 6711 5582 3752 2800 2166 374 858 6557 3126 1872 2865 3899
1334 3316 840 173 509 440 1097 34 2194 3600 2108 1885 1172 2352 4404 6675 4189 2916 5149 4266 5346 4687 1270 3199 2132 6746 3518 2353 2496 319 1274 1343 4623 3228 2715 6021 7 6123 1946 6974 6167 590 4124 4660 5921 4831 5707 5244 3848 6569
6478 4566 1167 3413 2918 2380 3254 6494 5090 48 5295 1525 6341 3692 5878 6389 1342 9 4190 6444 1003 3700 3989 3550 6076 2421 2739 5771 5880 5763 863 667 6404 2709 350 3760 1551 726 5634 1576 3597 1703 3820 1272 2163 1236 4960 2131 2932 4573
3755 2914 2147 113 4893 5147 6878 6855 2524 6388 5446 329 5665 603 1055 5189 465 6368 2552 6229 2216 2331 4220 4360 3387 3661 204 83 6922 2495 5477 3041 605 4526 6457 3434 1291 5948 5231 3401 3939 963 4006 6087 30 2093 4010 2196 51 3158
1790 6183 5826 2069 2305 3091 1440 5143 1411 2103 4149 1173 5133 3294 1888 3556 6030 3003 1758 2912 4434 2079 2725 6027 5387 4346 384 1474 6353 3202 628 4927 5851 1238 6490 4999 5513 6852 4453 2508 2480 890 4234 1528 512 1778 523 4126 4640 406
1687 3579 4309 5839 1918 1979 5727 2756 4417 5920 4548 4712 4372 4001 1334 3429 5554 4640 757 6022 6848 1168 3525 6091 3690 6830 5151 3259 6305 561 1032 6199 3640 1123 6469 2179 3384 3146 2456 3872 4795 6380 4985 3147 3794 6859 4161 4714 6163 5507
6355 4730 532 2774 261 6900 4256 3725 6441 1930 462 3272 3614 1368 1694 2661 5336 613 1849 850 734 3982 1816 6786 2756 841 6913 2654 6518 887 1525 5054 2294 391 1713 3594 5158 2316 1500 413 4539 1921 5504 5583 6119 2131 3207 1509 243 5582
6042 616 5105 2400 4770 1234 3351 2948 1484 459 3004 680 647 311 3564 1825 362 6197 3127 2601 5811 2573 4486 3675 3298 547 6725 2973 626 6366 4793 3998 6669 1230 6987 4124 4873 5418 1550 4903 5938 3362 6784 3536 780 6249 3147 5867 656 2746
5231 2927 208 188 4172 5462 4355 5325 4887 4459 4390 5512 3867 4422 3304 598 783 2500 1092 2571 2181 2014 3781 6348 580 2563 2779 1975 1353 277 3285 6300 914 2426 5978 2346 4304 3700 1965 6559 5455 1965 890 5432 3636 4933 5580 2417 6133 6389
1257 2173 1260 1104 4360 6172 2855 5285 398 6937 1251 4815 1094 4387 5061 4290 3096 5537 5026 4319 6691 5154 5098 5958 2531 2107 1715 3292 1601 109 4471 2435 4411 6994 254 2644 1293 2216 2372 3020 5954 1403 191 2808 1601 168 95 1357 134 4049
5200 3151 550 818 5535 1075 1206 4406 2494 3110 3674 3363 2757 2460 5210 6840 2468 1056 6176 308 613 5457 6818 552 6901 2256 299 6946 1895 4962 3204 5675 2066 78 78 1237 6267 2076 1002 5317 6862 6104 6395 5630 4925 2998 2037 5682 3949 6201
1783 1097 3065 6902 4085 3099 2907 3214 3218 5730 4976 3435 6057 6310 5437 3401 1313 1020 3117 5283 2620 5691 2718 2933 545 2107 5422 6107 3844 4322 4620 2928 2347 4001 6161 6673 5132 1735 1948 1912 4401 1250 2786 5931 842 6879 5537 5681 5604 6128
5501 5208 3655 475 5892 5673 488 4475 900 1339 1128 6867 82 3892 5598 2984 6462 3217 6466 5960 3361 1668 6416 1229 3268 3054 4806 3044 1046 4385 652 6197 4076 3536 3615 725 6906 268 6989 5037 3062 4373 4107 6025 624 2964 6342 1354 3658 3712
5436 5712 154 3549 3554 4296 3859 5528 3007 6342 2176 3506 1418 1905 2248 1242 6134 3208 3292 2696 1773 504 4440 2047 6939 2632 1432 3273 3864 6643 1568 1877 2369 2010 464 2195 2701 740 2578 3719 1793 6489 5463 3634 2366 1759 3820 4788 2881 1614
