50 50
7828 6750 7040 2185 2718 3471 7127 942 1866 9226 3028 9500 7586 7711 2566 8377 1393 5016 1880 4561 9724 8905 7227 6304 3016 582 4459 141 92 1730 4897 3905 3468 5503 394 2546 8187 8941 2363 8318 7492 8900 9185 4534 6245 1780 597 4812 5949 9980
8496 3668 39 6449 3858 6324 8381 5762 3230 3174 4411 9855 6296 7693 1747 807 451 3965 1607 6545 7778 6523 9006 7543 5419 4805 5322 5723 1737 5376 1147 9424 7618 1382 4884 9930 3747 446 7668 810 7255 7970 9106 540 3139 7970 362 4823 4338 5451
9183 8236 1248 5783 9734 9310 3451 6827 7642 2655 9433 2654 1686 9459 5397 6283 9110 9545 4417 4029 9439 1275 7389 495 1603 8933 6103 2431 1817 7788 6162 1644 1536 8230 5038 224 5152 9100 8753 7272 9877 2434 3661 977 2626 8063 4486 6121 6420 798
496 5917 732 8207 3856 7052 9793 8461 2029 8631 6046 1174 3139 8803 397 265 4511 4641 3010 3881 5292 6836 6046 7844 9401 2325 1418 8710 558 9001 6035 205 4057 316 546 8329 7195 1533 7933 1502 2539 4453 4876 4270 6025 937 2465 1911 36 2284
5474 4705 4537 3616 4921 9005 7592 5732 6862 7457 6133 2114 4249 1490 137 2834 7040 4019 3126 6511 8461 2961 9764 4013 2407 5518 6544 7619 6199 65 4646 1655 988 7434 6516 1226 972 6726 9414 4914 8787 4352 9146 2808 1558 4450 1992 6074 7925 9857
8073 7259 1729 4305 5635 2945 1094 2988 6343 1955 775 5380 9975 2876 3449 7510 8554 447 2303 8530 5646 9824 455 1735 6847 442 5928 7564 9021 8194 1295 788 4206 2360 7322 1421 2569 1172 7458 5744 3481 6009 5276 1835 7510 2136 2133 6105 8081 8224
9172 5377 1191 5061 8479 298 554 3943 8615 5234 3810 9073 6654 9875 3627 5443 9832 5920 2353 3456 1839 9732 1457 9537 7665 487 9929 930 5568 6715 6175 5854 8109 2846 5878 4512 1753 1034 6950 1426 3913 9266 4774 3697 3905 2688 2550 6617 1224 8941
2744 257 747 668 3712 1752 3850 2114 3830 3662 6600 2602 9011 1277 1936 862 8198 2709 3388 1344 927 6821 4727 1017 2986 752 2638 7859 5117 151 8734 7406 9992 2269 7982 4873 8298 7326 3457 6860 721 6985 1841 4577 8991 6197 8965 5509 3304 5516
5225 144 4224 5192 4520 5895 3537 7602 4200 7300 6514 8739 8168 8591 172 3610 1697 1723 3878 4258 1727 9476 1894 3900 4307 4083 7874 2415 2921 8232 2709 1090 591 7342 5968 1527 4750 3110 8336 2404 7369 7884 9726 6778 3575 8361 4852 9263 2646 2632
3133 1057 1212 7287 2611 8408 2399 7321 8759 7182 2227 1118 6567 9714 7910 1231 5265 5697 6307 2040 8197 4195 6874 5886 3456 1640 5863 531 8600 286 6264 1186 8385 2806 3057 3977 9541 3741 7813 8159 3823 4600 8519 9407 1466 8535 3525 2620 8801 9820
2385 6173 909 1585 3697 531 9156 597 6910 78 849 9878 9782 5160 8141 6998 6448 9930 6462 7331 9561 8836 6727 5904 2998 8783 7902 2589 2852 6668 381 6569 1395 4033 9000 8011 6136 9899 7240 8213 3381 2454 5090 3450 8698 6398 9114 6333 9190 1994
3806 800 1137 9422 9814 6534 984 322 8324 3122 2225 9140 8903 8921 8923 5157 65 4675 6855 2951 5152 9077 9938 438 1177 1598 871 5435 2878 5484 7712 9453 1629 7679 3352 2652 4551 9768 986 8290 3208 134 6698 5069 7827 4436 9395 1533 8515 3010
9670 9218 9385 28 4824 4628 8663 6809 7518 1141 7237 582 3838 2992 857 3431 5281 4328 6937 6795 4706 5710 1070 8299 9399 2259 9889 7021 1393 3002 2830 4796 2977 5840 5886 7118 3085 9245 3396 24 2475 1745 4747 5229 134 5295 4931 5178 6676 7350
3531 5476 4331 7352 3080 481 9867 7624 5097 8963 7001 6649 1318 6682 7056 5462 6686 5667 7068 1234 2663 2009 128 4427 4561 6766 8823 5329 2303 7093 2625 1372 228 808 2972 2384 1012 3190 6163 4206 1981 5173 3572 668 2413 4666 2576 2305 4960 8287
4024 7162 9532 5442 354 7596 7360 9107 4204 8319 1817 4553 877 6995 8945 9807 7832 2889 8680 1451 9232 9202 9111 6515 8103 5009 1667 5256 6436 4484 9419 7961 7019 1237 2856 6978 5507 9168 7230 1848 8835 7873 3115 6636 9929 289 8797 7654 4975 5101
3707 7858 2363 2091 578 6579 7166 7082 7592 5850 4474 8866 1673 1137 613 3473 5022 3018 5903 5141 2026 2862 2503 5380 2724 6434 182 9579 3831 7104 8895 5035 677 2328 7607 3603 1497 607 160 8864 3057 6308 1827 4139 7251 9374 7248 9721 1518 1155
6663 4257 6251 5628 8699 4482 4742 4313 2060 209 836 4836 7540 7161 2633 9723 3814 1758 9475 3757 4690 69 5404 1994 4361 2520 4707 2933 9297 5625 8676 5209 371 7564 104 3435 2525 3421 4973 5558 1182 7775 1615 1214 4539 8765 6200 730 3120 3895
1598 4212 3837 3892 3725 8275 5845 3837 9344 1890 3631 4775 4613 9110 8148 675 4870 9238 4497 8037 5089 9439 1355 6343 1729 811 4934 7828 6613 7771 3333 7021 7162 6057 1821 1591 3858 5242 3143 6265 7509 8580 8397 4711 6585 1299 764 6737 170 2576
1639 7270 6768 3813 756 8829 2340 505 911 9148 7915 2917 7817 695 5722 6930 6349 3887 4152 7809 1560 9876 2170 8134 992 1938 9258 3152 3198 7187 4961 1465 4155 9016 2617 8666 7854 6773 5072 2919 8766 4455 3529 5524 4428 8300 1129 8044 2940 8185
2358 373 7695 292 6690 9211 5871 6627 2014 1983 4728 6163 5673 51 4958 3438 1292 7399 7515 7444 3652 1564 1888 4273 7522 9237 7431 8410 3264 5585 405 8737 3676 1344 5934 1612 7598 5135 9213 7983 5266 4247 7051 3980 4161 6797 7260 8039 6019 2462
4695 5556 3066 2385 679 4187 9482 5222 9802 7685 7209 8481 2750 9381 5046 4329 1925 157 6130 4283 8047 9967 2915 6220 2302 3496 753 3422 7834 7683 2793 7646 6135 5806 8684 8454 5590 9800 9166 8673 5264 9702 8204 7805 5796 5818 5122 7627 2964 1864
1142 5844 1669 1799 2765 9199 5298 4920 8842 3200 2249 3544 3604 6192 6540 8218 4987 5210 2846 2494 6682 2443 9887 1751 7964 9706 8242 4847 4969 9325 7901 7050 5720 3618 6519 1270 9711 7485 5881 508 7893 5587 7565 2081 2443 5990 6739 1527 7180 3798
1143 8656 6459 6292 1451 9287 7899 5751 7486 7878 9603 54 7369 4251 5491 114 2140 251 4695 4006 8520 25 6269 7091 1465 6752 5040 9688 6529 5916 164 260 636 5035 7417 5686 9716 4146 9462 2586 9127 2387 4481 5662 3906 5650 5212 4490 7472 1550
1391 1453 9011 1721 4080 8886 5360 5357 4038 6348 8642 2742 4406 2822 4213 6549 9942 4274 7558 5879 3323 3309 4985 5822 3651 9220 9077 3064 6191 4876 9622 5265 6781 4151 5698 6351 6651 1082 8796 9787 1108 4065 8562 8344 9309 1172 1799 4877 9803 2836
2175 926 7894 763 8251 3202 3499 9723 873 9656 254 2905 9331 7163 3911 9072 9478 4740 8679 7148 86 9871 3175 9169 8560 8245 3776 3826 3822 3183 6355 9103 8420 4316 8600 1623 6476 5063 3404 5215 9633 7114 1503 9683 2034 4954 8631 8513 5333 130
405 7302 2745 1490 9229 7205 5497 5386 1654 409 9027 8824 3461 6346 3467 2812 4096 9112 711 4274 2418 5124 7762 5831 2662 7846 4618 8464 8409 7335 3784 5055 9138 5151 9878 1839 4922 7248 1655 9007 4128 2483 1697 5361 1342 9226 6343 3594 1536 2225
2503 3461 2705 3436 3823 4719 7110 6248 9857 6310 2946 1904 5239 9803 4319 2573 1341 3913 6831 8832 6706 6704 1184 4828 4692 1637 3896 8403 7200 2415 2750 5047 754 6848 8111 9127 2154 2202 7664 1965 3602 4573 2082 2171 1270 8465 4209 4602 8504 5359
6187 7265 8881 9746 6266 233 5795 1325 2063 3082 9550 5994 6090 38 130 1974 8961 4410 9432 2343 7238 7133 5420 7422 1996 1888 4965 5030 6837 6826 881 1074 7777 896 6245 2221 1858 6580 5245 743 176 9738 7031 340 5878 3544 6714 9253 3390 5273
2625 5906 1269 2557 4936 8570 6210 2080 6729 9269 2784 9469 7231 6364 5139 952 9926 9651 760 6316 3165 9631 5088 4879 3073 7138 702 6006 1980 9493 112 4373 427 1919 3022 6901 335 4312 8780 1063 4960 5049 2636 5384 9648 7461 5447 199 2349 1809
7223 2807 8742 6757 5740 2529 132 6484 4640 4708 61 6018 4554 4870 7773 8818 6890 32 3906 6734 1765 1081 4286 1498 2071 9865 8552 7416 9792 3852 7182 4489 7262 2885 3288 1299 9257 5746 301 2362 6774 664 7342 9046 5276 8905 8619 3190 7753 6516
3782 9616 5972 9500 6732 8281 3259 4406 4922 7626 3054 6932 7161 5249 3886 7202 1839 8230 7799 9729 5986 5260 5412 3908 3277 8406 5878 786 9123 977 2574 4336 8574 3253 5234 8110 9965 9670 9249 5351 4344 9536 151 4486 5316 6900 1215 4000 3452 5112
1432 6414 7944 9907 2888 8981 8742 4419 5452 6141 4050 7319 1978 8892 6935 9946 4139 670 8807 1204 6744 5440 8863 2627 783 9634 3635 3161 4706 439 2741 2153 3483 2056 9277 1233 612 2562 9034 3365 8730 9780 3406 9 3453 7519 6511 5346 6549 4785
4165 6019 3171 6840 1368 3576 8260 1144 1256 8070 5412 2781 3880 8902 5828 7334 8305 9991 3766 9688 426 3508 73 2709 8913 5553 621 977 2156 2021 3726 8062 8248 1175 705 513 5316 7370 7198 8654 1107 7562 3527 722 2488 1439 1880 5080 9963 768
3626 5342 2626 7757 5389 3428 500 1046 9311 5230 491 2221 6882 1674 1095 1374 1561 7740 7806 7788 7413 7315 9719 3307 9012 3167 184 1833 5903 4424 3668 116 2226 6612 7451 5438 257 9511 2675 4454 1607 8363 6263 6504 1888 9862 9868 7734 3614 5132
2397 2844 4076 5005 8734 5052 7916 8288 9415 8886 5655 3226 3118 9232 8110 6400 5522 4211 9552 582 5381 8901 5227 2980 2328 2457 3712 1405 4757 9362 7341 6487 1581 1336 7939 9131 2520 8819 3385 5662 9384 4130 6184 8096 9408 8323 5239 7480 7363 1718
5176 4120 9659 706 2319 4581 9680 8836 9187 4418 5617 9384 6310 8523 6105 4345 4251 242 4590 6117 2199 6731 1953 790 1966 8613 3358 4492 1626 9316 8037 9365 2894 86 711 9272 9098 9765 8137 8349 1823 7683 2143 3501 533 7733 8185 7851 5740 1037
8614 8325 5784 1653 9 3769 9651 2157 8990 8177 693 2102 1296 499 6026 7840 434 3487 143 3923 1702 6273 7954 5054 9850 5023 5862 6138 3567 6909 3887 9541 6860 8652 2973 1535 4543 9986 5644 8238 8589 8024 2206 6032 465 9963 2351 2406 2831 9347
6490 1932 5962 1877 8955 9354 9154 5546 8846 9340 9491 9764 1621 2555 8440 560 2184 2379 669 7462 8433 5123 5699 2232 3763 2527 7862 8318 5032 9079 777 9242 5208 9994 7499 3125 1045 4399 497 5459 4622 9737 4112 831 7141 9855 5830 5615 3871 8118
218 1664 4378 8907 4752 1064 7572 3548 1881 3457 9742 767 1448 6666 1136 1554 2491 7840 3040 3914 7452 2833 9659 5969 1662 5398 4759 1829 6262 402 3255 7239 6594 7260 7885 9006 8745 4069 6481 7912 7656 6203 2126 7045 4352 8270 1414 6341 9811 6290
9356 7298 2664 9680 7092 6964 7708 214 1055 7746 569 3222 6749 8773 5354 2123 5152 8148 5799 8318 728 8266 9146 4206 775 5991 9637 6064 8804 3599 7717 1792 5050 2779 6671 1043 4227 9404 9258 4008 2268 6987 7675 4876 8182 6064 9626 5859 2989 4348
2806 8224 8624 9575 7093 3654 3251 6965 7399 5058 4493 45 997 14 8950 1174 2980 7918 5630 1723 4215 7599 2076 3872 2079 8233 7734 5094 1556 5905 8758 4395 515 6830 1997 342 8095 8285 3293 2099 352 4707 6540 7011 3747 9501 240 5826 6781 8202
537 5116 4547 4975 7426 5597 46 7769 6022 4404 8444 70 861 827 2201 8968 1767 7232 4090 335 4585 1950 5537 2556 5122 590 8077 4476 1956 4334 3952 263 2503 8860 6038 1033 9611 9989 126 3366 9292 9570 1348 5372 3998 9381 3487 2479 6228 4518
3785 7660 5501 6475 5750 1765 9482 4745 5203 2117 4392 4762 2437 4204 9720 6146 1916 229 9790 6313 1903 3572 7522 919 1342 8257 2950 2578 5572 7823 981 1226 8319 4601 2538 8241 7235 405 467 9184 2570 7149 5996 2609 4576 3839 749 796 4010 8560
1224 6459 2412 3629 9492 9960 9993 2724 1553 615 2710 4714 1501 5595 2159 8979 7195 4617 2830 1965 291 1481 1430 8252 6518 8843 8123 1204 2788 288 7985 7098 9310 394 470 9275 2667 9916 2351 958 166 7152 5112 9288 8349 6900 2836 5558 8152 7451
9528 5228 7146 1133 6083 4927 7548 5286 3605 3012 5882 1979 7877 3099 6080 5707 8893 6623 6549 5451 7033 953 3323 1066 396 5174 2912 5078 5930 7842 4474 574 4176 2956 389 1095 2758 6865 7829 8580 5096 5004 1063 6571 8254 6062 9170 5754 5712 8815
8228 2431 7347 238 1737 601 3107 9385 4949 1989 9366 4757 3276 2335 1712 6374 6144 5914 1187 8080 1835 9139 9842 2597 5672 4735 7270 3604 9960 8959 3065 4133 6609 6301 7246 1464 6821 749 9448 3183 9922 354 6062 5475 5622 9581 4368 9558 6671 3439
3894 2640 9355 8714 8434 8623 4678 609 2793 1368 2541 7617 8542 7465 2146 7900 9921 6855 2204 6944 5709 5817 9907 8741 3193 6858 9662 7262 4185 8131 8087 2852 4414 801 2900 3464 8891 8783 5807 2491 1930 8221 9816 437 6886 6902 4043 7833 9114 9992
5192 1678 4527 8493 6458 8303 8416 56 1242 119 6028 4877 8631 542 6630 7035 921 4577 5162 9369 3020 5758 1293 7770 5154 3212 3461 2327 1290 4989 9051 9589 221 2753 7986 5732 9320 2167 6491 6235 6461 4360 6993 6195 9366 2793 4304 3206 2112 4268
5369 2369 8169 2619 5858 8500 5837 876 3106 2316 8299 1135 7598 2047 7435 8806 2846 5303 7402 7095 4260 9081 7132 8751 6111 6613 9915 5297 9714 7350 8047 5984 6179 4732 6251 5796 2327 7876 4446 3689 527 1063 2749 3287 3594 9596 3689 9712 5435 3715
9555 3698 1723 1550 4231 6884 4663 2701 4314 3150 9728 5391 1510 2284 1670 3319 326 8414 7202 5118 2612 7719 3525 4879 2737 7570 8178 5124 5250 4368 6881 3262 1785 5966 6335 8185 8976 7918 556 4593 2394 4870 8878 1470 9240 4134 3973 396 8546 2685
