957 99
62 38
15 29
79 60
15 66
92 36
90 52
58 37
97 30
54 25
1 78
61 36
17 82
100 80
12 56
35 34
23 32
60 97
8 90
55 39
26 22
25 98
34 15
96 83
7 30
59 2
89 60
93 19
99 6
61 93
78 62
93 95
91 1
42 5
95 98
72 48
45 20
87 96
78 30
59 82
83 37
96 69
88 72
29 88
32 38
51 41
87 62
14 44
100 30
79 55
2 94
13 50
46 46
27 51
33 75
11 85
53 67
90 58
98 92
81 18
10 29
90 32
27 97
26 3
9 26
71 56
6 10
7 35
86 3
77 33
69 70
36 40
97 74
17 78
47 94
75 50
33 57
5 16
71 11
88 30
37 79
41 58
92 42
44 99
84 29
98 73
12 52
77 86
63 60
6 94
43 9
17 80
47 27
37 21
2 17
48 24
81 39
32 40
38 24
5 76
