67
275 282426
257 319218
702 926702
527 483766
932 527656
749 183443
516 478005
238 896766
973 217843
842 680410
351 59084
832 978130
429 279866
366 860630
55 606911
123 312943
377 170684
317 59093
686 752047
341 302338
454 216225
322 69759
58 261889
384 236934
843 638436
869 921558
981 469087
562 377852
519 880624
797 278241
845 45161
832 998847
594 714108
807 198445
644 684128
130 19514
740 305566
427 38861
117 950230
676 364424
98 470868
915 723324
144 707233
50 975784
302 391754
161 582503
503 93333
566 632261
968 108164
80 646106
606 618868
51 376029
515 915606
714 338166
35 188664
608 540587
677 614103
850 880024
819 836052
982 502413
210 912754
242 4277
689 633318
483 556331
189 727450
931 127911
849 262294
