56
778 4365527926405082831363768361233720366622233099571320428267281273314653900966041574012623832985039610
496 7701764663238866201676198247845984911296007349885884137777843189079098949381289838997066122845124818
123 491202
563 2886686584434036271286554112204270940918119321098949966602797468480422382152520579680464012471633714
13 965216
423 4340109599391094595571364540490582621501645921325862728475969144705569565843838615727839890513431616
899 336856
629 740594
599 694635
582 8965278605964252730961244082334207541882561361408729220417326885844470890248666564907735802820835580
449 467548967383604521343887574591583129009364662206201901956385072901954551722447569389925889877688220
657 5234378082971616554812590513323683012586698700859512160940105809667293093205142776956403974041825050
856 1004551294933925362238226701474398809083074934438342157150161582288484967922578534685138385944059595
230 886913
189 360144
876 9707928304754557372287781037881078590655348907048409023072681156760351040855921563105961411550624944
242 204688
537 5724153968309434010429487228480792761445166153283996150346702657325592760842491391299825454486581618
720 293366
467 593316
884 776124
140 33507
277 6438735962937474839689994748558143962294844583072708013131929115570974041970501718723462392361017138
640 448840
576 4506276609795587583514338958538368230575420269183682021135030411913329289662197026263214194858200961
244 863599
388 2284767565462385220408748210366726276355043999664755564807324205833524813484432306341399252535533400
132 635376
259 676060
365 458034
626 503864
868 205015784602231410031346504759071218834722625490450342152279392523019567515883305702423614071943272
416 875663
260 6557495524618919746599722653724291756761903571220433660465833251647435403090140433001212197338217460
931 6719355955165285807055904188099104156253789394998427354936499513600315142787775722398850840049725253
376 172520
518 356907
88 2717867134883913578778368215735381601138542401932999725165411875511202731880909855947641633918953118
957 1284650547659711053198549779316494458051551912324493280946511985470165485143121693626479085716084332
766 7345729215020790227795751348899370834556747145950584344333154116793621106795873843291530265993109791
774 6125312567832235511131551124804977182224269422406799000775555027180132653336538904435620994619808147
642 299614
32 827657
222 133799
385 281832
827 9815911928440265174235399829077180934836655936021952092445030475590304044185516648874140910279436321
251 261941
929 449745
598 543540
976 3544618240954463274087163953028451800084261588050917165642076559647697349908121836621151499148120745
361 4425170708945727578519953055553476005067458752700622893588797390235329379442811968384409267300816926
611 42640
333 769527
642 3154594317840401103496276513249487117206893136144541259807324104725075899555808691408112809572803846
305 487236
713 2040397637112645710781980967574943079297818670886004651850049618116356938214576644395019888557037630
