83
87 250139
642 21416
165 761750
55 32501
244 874308
391 5153
632 44436
329 132439
714 456397
572 356615
161 886093
383 751708
838 723753
27 982101
423 230660
386 270003
802 385161
115 399821
507 293578
211 867700
379 461148
705 429359
799 556978
205 391624
270 775583
260 916990
241 750561
490 648396
109 480275
975 893788
958 37765
267 338611
940 869975
517 770304
928 549199
6 74107
562 111125
403 888543
443 459218
926 540751
460 108935
439 910971
627 942711
819 275984
654 920695
403 823863
390 679807
719 933557
944 155841
615 606327
787 469238
243 158558
694 684003
295 261607
648 133514
638 208060
611 80052
310 867822
9 739539
171 915291
890 349755
592 640445
892 52291
207 311455
55 96560
666 609089
170 873980
589 228830
588 5789
913 943630
490 13834
187 264258
625 557067
971 435065
663 68590
236 945280
177 601505
255 332581
408 584934
151 498492
150 547468
646 791420
173 1534
