92
334 543298
836 298705
30 437882
987 138187
553 971548
408 393423
945 822264
966 379065
275 694124
610 921071
412 131757
635 515444
583 944016
648 728756
907 971150
239 224195
234 31604
669 216180
800 573985
428 813915
858 668380
222 519753
753 831484
217 135669
235 842918
548 453644
995 29516
279 515557
189 681346
497 633294
962 507063
820 58382
320 759102
966 26504
192 492557
450 10236
560 471000
29 896878
892 115163
434 681551
677 696123
539 4269
143 773461
136 240725
363 168913
272 956751
74 846909
754 545480
526 459284
745 231646
40 877932
962 761415
196 127611
441 690367
825 264200
211 638580
787 523563
582 120934
500 36182
715 344438
535 851133
772 180988
614 355494
815 295419
267 347547
106 362583
652 903534
523 733354
65 975322
110 947609
863 755395
740 587762
710 172889
961 768641
581 848574
979 37248
623 18128
951 730177
403 391056
999 688899
32 556809
20 869470
197 329006
85 250983
111 272959
983 919774
611 537747
851 209263
330 729965
503 873876
34 85483
30 10643
