66
693 657583
932 390764
437 389763
349 39876
691 710547
808 122330
431 709366
333 591157
907 134174
469 387617
748 208770
653 403493
24 918893
228 510140
241 347180
360 760049
263 325360
970 812738
444 202286
707 703560
117 465360
958 127220
163 555227
256 523971
554 823220
278 277967
179 927953
447 729028
947 936723
127 975686
810 409863
640 186304
963 163430
444 222243
403 68570
415 298913
3 875510
192 482966
773 284073
984 262783
545 219592
79 159879
923 142797
801 73040
859 946893
135 112702
419 143233
602 545900
538 994860
415 599753
854 569487
653 21535
575 994827
749 657407
522 655060
368 776807
300 275278
305 286873
326 443873
628 783482
710 913611
993 533098
945 193899
620 769280
652 44159
976 512568
