65
860 805893
822 206186
715 26970
617 637878
906 171668
45 858570
594 551546
473 521107
565 972837
220 197825
143 559996
250 605227
346 662542
588 229624
107 627664
892 537660
168 626291
906 884729
850 282856
768 269994
96 69422
810 514177
113 983731
45 554646
64 549745
718 686317
419 638120
610 944378
186 574632
905 191341
887 905578
908 606554
113 907558
197 94539
562 397734
938 519624
502 183915
915 130253
539 371098
130 62118
335 824957
121 699274
600 528460
335 343056
459 146293
278 415997
978 589417
741 282507
812 63234
405 817420
176 456115
716 990514
148 842331
392 971855
805 698860
673 145571
492 583718
678 964977
687 925227
244 913955
559 71983
56 68848
138 591721
895 302006
433 783481
