57
948 22052
554 159985
358 852635
358 64701
554 751880
836 614569
757 69158
76 213065
709 692059
28 197666
491 697469
548 644080
936 232112
861 891255
971 908733
671 362064
285 70161
934 288528
120 550611
785 152078
862 525145
206 296779
236 886581
435 358937
471 194667
564 219716
945 982290
463 265916
761 227350
491 331873
813 398660
1 89793
806 222071
619 272007
849 155547
931 923165
461 348747
223 754814
364 757881
526 569367
312 284293
210 309347
49 223129
906 923029
846 781600
356 522504
883 223723
703 25089
495 814557
281 381678
891 762062
821 155508
242 639449
901 102036
49 465303
909 857126
933 98312
