78
117 975884
403 4365847491365159791274819471360129927085319921740618546049595450292419343481038610837211663413004385
305 26850
393 681640
994 147532
861 9197970896789045160610933627854502446271297095093361728425821070385983964101935050564970330328128973
681 631889
874 950303
366 24189
187 704089
682 9661606349020046261083525587753956507425374897092187678953618870845130603729371369731459333534878117
63 798484
395 773607
901 6120215603171112233457228331105841706298938007088645801651035107198946880185592708202218367185214370
785 6623655514950721942479242516868910728911986741659309074501885957185525791633345639504162209887031603
172 169460
491 404329
447 4377569941138233837042257520033833412983583297144707250341018440970781459785781993658673077462924016
532 4574945252066133910311599481363113744855847848402613008142876968971741180978321566474711954195081807
412 161633
608 2848781167920145971858127652655328979112876136513299250536716027224153472349324851902204658334234122
140 8435824196315179995764370076505645488242903421638076299664667979574800558382208303005050369310916479
572 456733
248 900084
315 701255
916 3793926510626427982708230033012021495089273648651608756861547885763046745934640326060111651692463859
2 4089456561224661247792913883365237469430791865807070048879128243558139608511411518541128715411080415
83 9139063163904225803537107394334187040748396968378528860229320425671837928494936776515393561286933345
795 3944360095979910087097473452762402181787973811454169541280625567207502240844502793974466281487925444
897 5018325743453497208694499673967410091659320665729952050855875025021690778180361467246857210693796238
346 3611748767965655692810335322880570328885608649184140871926615582012090707862333999593290424536028126
414 664910
806 6089141409895165834049966323006544282933059531883466450003831569414321414825799889391172051453284403
896 8616311100417834369532099168349496608023978294157777392281224171284464080815646616541389880050042725
726 8408275703110870506436643590068378817571363539244443326955321371597705187020655291636581396741597704
340 3553503064096382301376596015833171483575606828450867673426525242313984257279701887387853126386476330
320 3849723422836359412613526838191703539191038816643294003018429046595435092533919844780514031832423923
230 3675915126447408196489140751917876899200180218783046330433708723208073712374140268265001849450327297
1000 2820430403543702677666313740499564063093032762017984468637183638220536120203896874054510755618856803
550 8527498272245137944716060218470117041355569221615207962155416212790794463761343373430034307771770351
982 5793060277984041553952699745534122815075934669941758899942735995183276717469230497744091298873479158
354 5861788761523082483009896559082256241308356748871393059013727730060880154876754220188442389812669252
215 20729
531 830022507610031098576854327335884337459562812079763352384283288950368858258379986282229014532875639
548 1169240067678706794127763920624849640599229542037895636942838668987850143453691352615701805005904929
273 8541890996428485036013964226551476064134536056703324968272420520486479208771233691587274989238141215
861 6449180278132611296446720790847854518529041231627818903873558567613727960538101683073449765070549539
117 4625171730145938680010097619704190202835364011255992153373904025516502822548808050338877739342120072
958 893459598863066831239868179242531626933863726541986127854875965351425171166085734751880099971817129
230 4796941228213325765801163470711143458180141083191720053148587399739248488181456850934225704036362357
50 1913047552922053711653201174285272561728201106880772313465833377570423245811110634890456567791830710
158 274866
110 156206
97 924328
885 537028
452 1912721916218286165306317449919829851921170125977116702814332685118135465350613312578951649870805403
323 605286
597 862372
922 961585
718 6497431243312788182836106128319753657642855135520976919715580331625858000586289618866005128126782763
903 162157
583 4582169450826456088329415695036390565883892245994427032892525471091351115107371604525697072343507283
591 669694
717 310411
543 1776818275190545774207405597410011454529526818920208494317066659617739880915093683351993102385556376
579 492268
24 5588693128223441177346901703300041534036730286508206901740777961401328643599209075289585813271726454
492 124321
823 7911371694783980826020340428267481373042747697637294562882105643811691755418520981484181498115448474
745 8590434240694573587239777234588776400336291263275712343831161110614582449867978704308388388442771171
825 3743576219731100768522427451777378926979245977877257602251760519615230085349307530445618793243722397
299 977059
726 6424110516063223075210264444191566508309080616823838781384506292502229506192204028305223639591019892
434 8519312306865836999627509837210560652928819038211957844536618219997190519265868437246467013580039664
894 300294
384 9579906916636094959119268423368826892106861460472015786764027437557729973260531548490668085697582207
903 7670373263713999355962934657759576582828157901968347061782809090494021189500974588630425023828167220
475 9708953586031775599202956991704511240372083198458650595925974308990222803942196212555514977151752070
