58
92 1628511254656741072479890123123713614653970428674772222244951915828112760174224386490407770197711406
560 806446
754 839828
139 612655
872 999437007665606103288388442031182957741821227490595216841858098764577637494289900951249467842811090
467 388676027313918573295602820801321106078502148217220855828963975816533787055110233303754247651993449
112 2670465807245208033754952365342323958883146844154838943509299140176885200066872269585504811798320057
643 2143110982069759971818088646215090595046353944783298653739338536810784148945107929766480723140133969
113 9094302878157318489868857605066942465146822255429441806281279356362870350118915138604513331722125982
284 5780146545568850995050092334756239127911904480590954857254203918685460507620301504346775074824043128
136 725580
903 7693548405998862839381256798538781279933007570533709603628375699885720199703178712159323063982102624
836 635964
21 728603
795 84132
637 6456
985 807077
871 3964208465973418421551088580993487199953004646561047377592679967399970699738155229219245206617737466
365 103104
723 2850981351535011696374634365437446358192857346156164251149386068581099799616256766578406992519880463
115 28326
44 544892
132 295788
97 7467781850299066722537405257180268648822212447846198813213601141986146312669565790498393769550618863
734 732378
462 6770999080065750547438367166463435686337372712606124195831819625604886238935879806658826950514296448
141 795010
673 93116897928516078943014233054557276767355755735323644764390773444960044190317897849385816110427516
647 5264272834831725502410125298936047317812178935849038629354866738628505689209153054864835123583165426
994 670690
782 233780274557719485167952362867272407343740086175539344986842743491972816445273612940101418140576694
218 474668870172440178968171194752013960140297584578342095929462695969129591168304676122618192173982866
76 206179
869 243140
950 21107
567 646423
706 475671
311 160413823867269386987056366283700070664798324294070633714281760546380722192333631506250906291804242
416 34720418943766878239838052424188319618329595042380112215130736871628327074940722949562426257149283
430 273408
63 2620058622158590875673518233254451167202936313567536250179111091223443303517213066309030435820416669
869 2031147951864840110310101450748699452261739597528389842454522193168376288161077232952759724030994887
828 9521167906720655236777900771223515875461102277011706265506786051723482951287110629539822906864427439
507 150770
982 394206
803 292443783314822226278694847678020806206215478117863696707173702023527113908763585461540062524284458
168 3694887236900701443445166814956203976478899154143877015714071927720257981552683206981621229313295350
491 9150584538122379482784360357399818018218215185032987532430239727759032647271145090555943317019646980
114 7945949487603816903820301233404132903321549758597332048932681338142577788120965094250529766317931969
581 2789480306888087190463216287366141967286513456044261698198713539002388063831306049603374649652584490
19 842700929731998852589802603007787724231295281843372863014459617337139608119000754774634685825593872
118 174231
554 2157623811458251655781186845232948904007965376677740962690593294993566625933500328912625172029845960
121 7330088873122666513056227524484375239239995788666140317848264877932962989533674942602639824548805908
243 906232
283 9713564884145316555982448103916477535774125656728283720815465928733321170509758092269671758278757687
777 183694
122 4860408135719992033556422969497928057275864126674140573188882627426638555771910684305938420335178919
