80
519 1740995329845567543741539899644739003388872601706901084554091877878418475146575149176570676916398546
868 799141
402 740811
342 87070
590 6599328367230456571460224678928113278192577606463179317488403497162008443677242895782791529138643775
829 7125532922515328392657909560323822709395581738857899663718051060467800002949591376946677076456227843
345 841668
929 958639
52 207149
1000 9254560081148116707986278320258483405144698157151040851276389552021723894433818461434457065186920103
282 277255
919 167341292344419551249017198619215039149860672339043185341778023084816906226246266360881070716768538
152 504095638944345116167864014211339358304705764554980523082761682072078866018723571573250913765419442
199 5224731783734254669571404213920429048365627314996584865105731896939966708572721524249939789742124457
382 5457464661561041808521695130197374557829720544390796768192505791760852221763382175696832063620636876
109 654825
281 1830158486452063918031889474591898089721570374014430862219966342280273655844646161262712949831766930
558 3282359692637741258923611059229603720269673925247212424964762052941784874993762535019775897561160545
663 3874312893042055813572214556767427957977367858257361697664007505745094123499298996180216163250343206
82 190308
798 453599
41 127811
562 501653
34 252073
808 614525
374 8681662612770746182526168130485031582559318171361644286128861276838808190473608569969980826626112918
676 5741276861989139099946835273171162996211464596325277746408823226733563404405123099419335878113158005
673 635874
510 896075
629 2504215812937373114926045429440295982558594225039952214547358438280273028941689842416386136616990350
992 6657506006716480245081261364638512790952965463934259380750527354494337109807122456972953844092586501
830 8274375614051046936567537869697737588879436485469510460750663804215739387556395276530312225905533722
541 138569
485 729657
817 70615
873 8564564583679868942544816103255148442771634824548417054064554611538823754670614639804196214173573539
602 691513
112 952964
713 2921037327850661232399488928608271015197174693812394237551388042012954704075795361877271963288871127
834 255573
90 5631763732667946899650132912734771639600730517875879007926629600313851450003106543550663329010850695
940 788032
580 549157
524 4265704948731766416556005797349063905735270110044080078859493498014818766308314563269955852170411528
82 466315
545 7954977218029876456948245746234405947118031907210459237454217690772173717928311934606143740260547666
266 792100
733 317937
779 769322
733 4769639946375212821079451212409187335039261383171803139445082921905906611703978346499064713185682183
694 7456768773344858705902583406939563042260540501384536642783412372609722980696485616375090504201769871
408 175983
249 599655
943 3453218389074312114430159559402436291558772456116281563959695256526372389576052695479607089890645256
680 38541
755 5502279455751423914529902315884769429614659886815602623190307134915854761069198527420950382192111651
49 826055
724 116512
207 3439920335812333169479316709145902988204353973685709389722339336015227041539312014559865550477416100
87 4774117468723698155807783527702448388064261283900064673574284790091568403258681379674280078383042366
25 7054067591614172981917175062312354238918726093882382848160659234513069282825934216646467424665411345
70 4738514642988735568634743339997638462908641463160064547519923160798232561306063375586809069419871263
264 958935
942 9805750355796267404565521617032655424515267879273941649006254971702911307334007475896839415490934049
652 292857
950 869229
2 1493822325011508903256857041991767556010897845695554796952568423687571092212524421096520023999447306
955 1791303044815113332796229097137975461337178654670939640706153390445613243135411794982850838405247250
886 7516315844931887601550681007462208645767669477059304775007245886718161423829518154736368007799934407
192 6642211641285696269537577993538452623135509438257460367480199624699406848321365543057604051618762222
270 8824590500955500947179412565874952127011019629269565935355567799803391581227283122252529966289063348
330 336934362389908137640061444156076321761083290755485762090783963874292146557894864712282318278225115
382 5561711534091334434956357470545547295583208829110256009931182103413079564176680473693182891244942181
830 697938
223 761290
733 431009
35 178904
924 8506480730675701984784329806929123506575348258031023021083856777515228762014394861120399894672907896
223 4214253481319340387637511375581459028109107973533249680772349490393787092062940642286832818229558095
227 117947
