97
12 81 36 77 69 96 61 8 57 21 94 1 8 70 63 27 51 33 71 95 33 86 22 71 20 37 10 35 67 25 59 97 29 12 83 96 51 56 78 24 47 97 12 12 90 6 78 93 63 50 99 95 92 96 17 91 61 37 14 98 77 44 80 58 61 94 90 17 82 26 65 100 50 7 94 72 18 62 90 85 29 41 14 12 15 73 50 47 7 60 13 98 28 14 47 44 37
96
6
60
88
48
3
83
79
88
32
94
85
15
62
86
52
26
50
49
52
93
46
2
32
35
24
92
39
80
47
16
42
29
19
22
68
42
53
18
8
7
39
39
66
21
3
16
22
66
5
56
53
58
91
11
27
60
12
20
60
14
54
72
39
52
3
29
28
60
31
99
70
22
95
22
80
100
67
42
69
14
15
4
89
74
39
74
99
61
28
54
3
59
1
1
47
42
