97
139 849 768 723 126 393 997 66 791 246 233 576 317 395 498 317 179 114 474 990 378 721 670 524 650 809 160 960 572 660 291 304 434 421 623 141 573 445 758 11 614 951 615 932 497 249 50 723 568 658 715 854 591 62 492 284 658 640 863 828 849 96 966 304 639 187 966 526 280 24 959 651 397 263 309 742 467 451 356 227 912 396 589 338 982 56 478 9 794 126 128 964 291 728 116 839 68
96
49
37
72
83
36
15
29
67
51
35
93
37
71
67
26
78
27
13
6
78
36
61
41
8
86
68
90
22
36
96
93
61
54
18
72
58
30
43
92
91
59
61
61
27
91
62
25
40
31
72
90
87
60
78
51
55
95
33
15
82
4
68
75
29
95
80
50
56
81
33
98
7
4
35
100
84
48
71
29
60
100
72
21
50
38
96
51
32
71
17
22
27
78
40
10
7
