98 95 9954
14001 74542 47992 89960 77740 24701 53606 31483 19136 76145 80474 86958 88601 75352 60479 58776 3312 97243 98341 50474 84148 62647 69892 80194 63969 46108 10567 78758 89168 2249 76296 57967 91491 1750 31823 20131 38289 23691 66223 85577 73093 47632 49577 44334 19052 22192 83094 40790 79351 24185 2937 58642 82482 5820 68272 29145 88348 38251 94663 38382 36159 60203 35735 29452 53829 39513 94325 13065 64753 43646 54452 44190 60269 62756 90503 22690 48250 41439 9432 66155 55973 73386 32338 27900 7003 33640 19353 77152 10675 10604 39006 28972 56481 25893 81758 9752 40506
1 21 1479
3 24 1794 21 754 18 702
1 8 465
1 12 1339
1 25 1937
2 25 878 18 606
1 14 122
3 4 593 8 815 1 1161
2 10 394 15 1987
1 2 1861
1 20 1232
1 13 158
1 24 1365
2 1 422 14 385
1 28 388
3 1 1710 7 715 15 264
1 22 1203
2 5 1524 29 1872
1 25 871
3 30 371 7 1426 16 798
3 7 1365 10 1090 30 1034
3 19 1839 9 1063 8 1800
2 3 1526 3 314
2 20 1982 3 240
2 6 988 19 1452
2 18 788 12 1870
1 12 788
2 10 1248 23 1984
3 28 872 10 1404 2 733
1 16 181
3 17 1758 24 1067 9 399
2 28 1829 26 28
3 20 1508 10 1889 17 1039
1 24 619
3 7 105 11 116 30 1352
1 22 178
2 28 1460 30 413
3 16 1783 4 1172 22 20
2 15 457 1 724
1 25 677
3 4 1704 14 238 30 1011
2 5 1509 14 1681
2 24 38 7 721
2 9 281 30 303
3 16 11 20 897 18 1589
3 12 759 13 1722 9 1691
1 5 99
3 5 1985 7 1620 23 1309
3 30 1389 4 1086 21 23
1 2 1002
1 8 962
1 5 1518
3 6 172 12 1482 13 307
1 1 928
1 30 1831
2 16 432 26 1336
2 6 1697 19 106
2 13 995 22 1235
1 6 428
3 23 1000 17 1800 25 1364
2 17 629 20 1644
3 21 869 1 437 20 1752
3 28 1425 20 1012 24 736
1 22 1963
3 30 1835 7 479 12 752
2 29 68 18 1978
1 9 918
3 6 48 30 1747 5 988
1 2 1198
1 9 1838
2 15 36 8 1268
1 28 1771
2 17 1874 12 84
2 1 1431 24 497
3 9 123 1 409 7 1870
2 4 1130 9 1990
2 1 702 30 265
1 7 607
2 23 1909 10 1708
2 28 875 9 1848
3 13 774 25 1289 10 1074
3 26 829 9 1682 2 1603
3 4 730 15 324 4 1766
3 30 1009 25 102 6 1728
1 5 361
2 12 1059 25 1555
1 24 932
3 28 252 8 1747 12 1623
3 25 267 30 1410 22 1618
3 10 73 3 360 30 1801
1 13 1630
1 18 563
2 9 638 14 1554
2 16 1042 1 210
1 13 1290
1 18 614
3 3 1609 27 967 20 1473
1 10 453
