9 97 892256
71516 58887 89974 67211 92260 40008 33145 83682
1 13 17264
5 15 2503 8 13802 6 4647 2 18656 7 880
6 16 7505 18 15923 16 12142 12 13731 20 2481 7 18021
2 6 14663 6 7344
13 2 4006 10 5874 14 11947 10 4937 7 5889 7 6173 10 15217 20 8703 18 15466 9 16117 3 1674 8 10786 6 13480
13 14 7372 6 6183 9 251 19 16241 17 15011 12 7997 16 19077 16 18945 13 16979 19 15783 16 6467 12 7084 14 5515
2 13 12207 14 13383
2 8 1354 1 8505
10 5 8381 13 8015 4 17598 17 5167 15 13554 4 334 17 8853 2 14576 12 1582 8 19849
