97 95 284030
79986 71919 52272 92535 39687 83329 17624 59325 32963 11813 86356 52691 675 8289 31662 97136 19758 68097 66809 65911 16473 84584 33112 75360 92423 30207 93691 36936 63478 77722 83555 15207 8216 84476 38400 52678 78522 65450 3466 17160 82313 14660 20356 49139 94806 24997 43883 33812 25905 81888 9752 96818 40045 48744 44957 46848 3600 86700 51308 80819 77711 14191 3078 96018 91011 99937 62954 38993 48727 51099 28254 89758 51366 27489 84980 55976 79829 34254 27016 21794 84915 18053 70801 39837 44651 95151 15460 18585 55569 86307 6851 38534 62703 58610 49773 22326
8 4 6584 2 3334 2 442 2 69 3 3272 5 6044 6 4531 6 5342
15 4 203 5 6956 6 2492 5 1315 2 81 7 7325 5 2844 3 3720 5 7461 4 497 7 3641 7 1702 1 4468 5 6027 1 5993
7 2 5382 2 5551 3 4525 3 1614 3 267 2 7540 3 5645
3 2 3875 3 7051 2 4764
9 3 7394 6 7780 1 2565 3 3635 3 3008 1 5653 3 7036 5 7132 1 3423
9 1 7814 2 487 6 3704 3 2962 6 63 4 6195 1 4554 5 2391 4 7255
2 7 3864 4 7962
12 1 4768 1 4253 3 1261 3 160 1 3353 5 2712 6 1149 5 6667 7 3727 3 6673 6 5787 6 6249
10 3 780 2 2781 4 3873 7 4708 5 7186 1 5138 6 518 5 7090 6 4998 4 5572
8 5 5155 5 4023 7 4760 7 3110 1 1672 3 6698 5 1519 3 1301
14 4 2997 5 5684 2 6596 6 5980 4 940 1 2965 1 2443 2 2700 6 4236 7 1014 7 3535 4 24 2 1500 4 4004
7 2 750 5 17 6 1171 3 7189 5 7796 6 2857 2 3463
2 4 709 3 560
2 7 6517 6 4843
9 1 5304 6 4573 4 2353 5 4709 3 2311 5 5579 2 3160 2 5289 6 3744
12 4 7820 5 3069 4 1272 4 3559 7 7313 6 4021 7 6145 1 2901 4 769 6 3181 7 7985 6 4256
15 4 6682 2 1445 3 1967 5 326 7 656 1 6982 1 3936 1 6047 2 1785 1 3423 1 731 5 1965 1 2042 4 7889 7 4640
14 3 6772 6 3879 2 3210 2 2758 3 50 7 460 6 3262 1 57 5 1205 4 2308 2 7646 3 2030 3 6122 3 2659
6 6 894 4 1750 3 5588 3 2381 5 7701 6 82
6 1 5228 6 2493 6 1997 4 6203 7 7294 4 1857
14 3 7681 5 3674 6 5009 4 7136 6 1312 6 1146 1 187 6 1065 1 128 1 7603 1 1903 2 7321 1 4064 3 3164
8 1 3966 3 282 6 2379 5 3938 5 6249 1 7195 2 1512 4 6716
7 4 5389 2 3218 1 2642 3 1765 7 4504 6 742 1 1005
3 6 4660 1 3059 6 7923
7 1 7799 3 7365 1 6188 6 1014 6 1921 5 5436 4 6095
3 2 6864 1 3669 3 1712
14 1 2433 4 5780 5 4528 5 7212 1 5378 4 3944 7 3848 6 6838 6 3882 2 6803 4 6450 4 7887 3 3242 2 1181
4 6 2402 4 5333 2 3195 3 987
9 6 1134 7 358 2 325 7 6181 2 4386 3 3333 2 3324 2 6137 5 1390
15 3 3820 7 4836 3 2734 6 6104 3 2362 3 5102 7 7461 1 3739 5 5471 4 3393 3 6249 5 737 5 7851 1 302 6 7981
10 1 1829 5 935 4 6446 3 5018 2 1806 7 4287 2 1006 1 5914 1 7524 1 3986
12 2 1751 5 7559 3 2783 7 5248 1 1401 6 6293 2 605 7 7879 6 2025 2 3452 2 4601 3 7932
3 1 897 3 4325 7 3620
5 4 7402 3 4387 5 3365 4 4114 7 3089
8 5 4358 6 901 6 1813 3 4097 6 7391 6 4499 5 3379 4 7091
1 1 7058
8 4 898 7 4635 5 3914 6 5639 4 7188 1 411 2 6825 1 3102
4 3 7140 7 4246 6 2953 4 4904
1 7 2751
5 1 3628 1 2286 3 1382 3 1192 6 3091
14 4 6515 2 7603 4 4764 4 7284 3 67 5 3923 4 7808 1 5841 2 3194 3 4184 5 7593 7 2394 4 5358 7 5145
1 1 2198
10 4 6337 2 66 1 6918 1 1184 2 1715 4 7747 4 2352 1 1098 4 433 1 1268
7 3 6387 1 174 3 991 7 4855 2 5690 6 3451 5 7688
5 7 22 6 7014 3 7737 1 209 2 1692
4 7 5497 4 1968 7 5528 7 111
10 2 6212 4 3247 4 5873 7 5508 7 405 5 7020 3 6311 3 3236 2 6055 4 3132
11 1 6980 6 6674 7 1005 1 5651 3 2490 2 1754 7 3436 5 573 3 3000 6 4983 6 1333
6 6 5739 2 4425 6 7513 2 3407 5 4146 3 4414
9 7 332 7 4713 5 2526 3 7111 3 5962 4 5507 3 4607 4 7815 6 5063
7 2 4260 4 6499 5 7320 3 1535 4 2098 2 1051 5 7652
2 2 7373 7 1885
3 6 515 7 1482 2 7978
12 3 182 2 2716 7 4817 3 2730 2 3552 1 5778 5 4367 4 6933 1 2219 5 7613 1 929 5 2545
11 1 53 2 3635 2 316 2 2117 3 838 1 601 6 2711 1 4941 1 3173 5 6313 2 6398
1 4 6470
11 3 6758 1 1089 5 2959 6 5833 4 3404 7 3523 7 1865 7 2859 2 6455 2 2223 2 6536
1 4 4874
7 3 4126 6 7497 2 6682 5 459 3 3862 3 4896 3 2762
5 6 3705 4 2418 1 933 7 7305 5 1281
12 5 43 3 2193 5 1229 2 7637 5 5346 5 6386 4 1353 7 4300 2 6640 5 4660 4 1248 4 2212
14 7 588 2 2831 3 6953 6 3654 7 559 6 6033 7 1248 5 7809 7 5550 2 2171 3 348 4 7856 5 5845 5 6625
1 1 4074
6 7 7634 7 5050 1 1348 4 7927 7 538 1 5265
9 6 5401 7 5796 3 4678 6 985 4 4289 6 7477 1 2488 2 106 7 5975
3 7 2700 3 1717 5 478
2 2 6679 7 5537
4 2 2245 2 4544 4 6395 1 7987
11 2 4755 1 7626 6 3443 2 4476 5 5596 6 3456 6 2516 4 1533 1 2353 6 5637 6 961
4 5 3287 2 3879 4 1232 4 2630
9 5 1705 4 2536 6 5092 7 7234 3 1889 2 5719 2 2345 2 5802 7 2475
14 5 3497 7 7850 2 662 2 1920 7 5687 7 4399 1 5546 6 5031 4 1549 1 6985 2 5946 2 5811 7 5389 6 2068
7 6 7 5 1755 3 1428 7 1706 2 6956 4 3801 5 1675
2 6 3912 1 6796
8 1 195 3 3345 7 3663 4 1583 1 3353 6 7420 1 1011 1 7028
9 7 1093 6 3661 1 3 5 1331 1 7819 7 2658 4 6629 5 1458 1 2863
3 3 2436 6 5384 4 1456
11 4 6886 1 5809 2 5878 7 859 6 5880 7 1614 7 179 2 1531 5 1513 4 7061 7 7245
2 2 52 7 6929
1 3 2558
9 2 4859 7 5114 1 7372 5 4724 4 6991 2 838 4 1490 6 7140 5 7208
14 6 2961 6 3606 7 1559 3 333 2 1729 3 5300 7 2545 4 1937 6 2294 5 7737 4 1069 5 1376 5 2315 1 6721
13 7 4772 3 2466 1 2889 4 5706 4 6256 7 3005 2 5559 2 1399 3 3807 6 5952 2 1228 3 2522 1 5778
2 4 3578 3 2043
2 7 5811 1 3984
9 6 6488 3 6734 5 7981 3 5181 7 4557 1 4873 4 5936 2 5572 5 1859
10 3 7040 4 7881 5 4689 2 5347 6 3947 5 6631 3 1100 7 4668 1 3902 1 2402
15 7 6700 6 6789 1 2181 7 7752 3 5188 3 4444 6 4659 1 1991 1 2064 7 2135 4 4599 3 3174 1 5867 5 1492 7 5247
5 2 4680 6 7414 7 2134 5 5511 3 1006
14 7 4730 5 3902 5 490 6 4429 4 2246 6 4271 1 229 4 4767 3 3239 4 2974 6 5362 6 7993 5 5151 2 6943
15 1 6408 3 1197 3 360 1 2588 6 7822 1 7949 4 4906 2 6011 7 1891 7 4654 4 4942 5 5451 2 2039 1 876 3 6582
11 3 577 2 672 4 7196 6 7688 6 5495 1 6130 5 472 2 6388 3 4320 5 4231 7 5033
5 7 1304 4 366 7 6531 4 5495 6 99
12 6 1391 3 7595 2 2342 2 5028 6 3435 7 6506 5 1445 7 1172 4 4634 7 6665 7 3581 5 4268
4 5 863 7 3468 7 6453 1 5465
13 6 5359 5 5118 4 7998 5 4464 5 4449 5 1805 7 965 3 998 1 5300 4 3079 6 3224 2 2427 3 7104
8 2 6741 4 2418 7 153 6 5351 7 2222 3 4008 7 4226 1 663
