94 97 764543
27225 8572 18233 15491 31162 24241 36693 64221 44649 42691 78997 43367 93028 48499 15235 68840 77868 15556 50768 62286 8030 47459 79927 33955 8316 17163 40801 20336 18147 39576 64192 59787 40152 21171 42179 44108 70195 8875 12252 2640 72019 62187 74389 45659 49286 7308 45898 67249 71602 66629 84544 74363 90181 62164 41855 45456 6470 82301 5364 83031 79803 95 58011 68217 99112 58247 53900 92668 44734 62295 42542 42842 3408 11911 10334 45669 55460 30537 84733 4399 95150 17594 95705 58232 63214 88816 79716 31494 22097 61551 48661 76515 46258
7 1 13717 16 3265 5 19841 3 16319 3 10044 15 10566 3 10547
15 20 1209 11 18770 5 9760 17 3069 11 12178 5 226 8 15293 15 6317 17 2087 10 6306 3 86 20 5938 16 19015 8 12365 7 19842
2 4 5908 6 3512
10 9 1380 11 14332 14 17413 6 7159 18 2437 13 18869 4 15508 13 1511 12 15656 16 10579
13 11 8248 6 16651 16 11642 17 1026 18 13125 15 12859 18 2742 4 15914 19 3 16 5008 3 9887 17 13353 18 6067
9 4 10541 5 9352 5 12058 11 17407 3 11977 19 1195 16 12037 11 15533 16 1836
14 5 18460 6 4173 7 15040 1 7416 5 1485 12 14834 13 8434 8 16330 10 5770 8 10012 1 409 3 5063 1 8359 10 7228
9 11 12958 11 4947 17 216 7 8783 8 4844 9 16755 4 18647 14 12326 19 18433
15 6 17302 4 16501 18 18218 5 18286 9 12250 18 13581 8 18412 11 15613 18 8059 9 11237 13 9403 11 2708 15 19665 20 1710 10 4100
2 19 5728 14 14466
12 4 6212 3 16893 8 5406 20 13571 3 12943 19 16321 11 14041 11 17356 15 10588 18 16405 15 3040 9 1591
5 7 17623 10 4914 18 11165 10 18956 6 2674
13 4 17331 7 17133 18 15231 10 2275 12 14946 3 16826 5 18617 7 7012 14 1553 20 924 14 9485 15 10237 8 13385
10 15 2265 3 3943 1 13681 6 10101 16 13613 4 9505 7 10617 2 12352 20 18295 6 16012
7 2 4953 9 17237 2 18564 1 5783 15 4563 3 4989 20 15663
14 3 12113 7 6812 19 16695 15 13141 20 16644 18 1635 19 12551 2 5450 20 19042 2 18493 5 2084 1 9216 16 6357 10 15566
13 9 15972 3 7661 8 6598 11 14873 5 2208 20 5255 3 1218 18 1989 11 19278 7 9189 3 8213 15 12839 1 7571
15 13 14948 8 1251 17 13497 15 14035 12 10680 10 501 10 3577 5 10171 17 6867 10 3636 14 5164 5 1997 4 965 13 1462 6 19574
1 13 13003
6 19 16690 16 4050 19 18519 3 2403 2 2821 7 14777
8 4 19124 3 3905 9 148 1 15080 11 16493 10 12078 18 3641 14 869
3 9 14122 8 19155 15 6622
15 5 7356 4 10514 20 11164 19 10560 5 19625 16 10603 4 7849 9 19245 13 12044 1 16760 12 6247 14 1251 4 6492 12 7016 4 19814
10 17 9491 20 11137 4 10793 3 11548 4 14143 17 10480 3 2341 9 13847 3 14690 19 7864
3 13 4390 12 11412 15 15209
7 8 17247 6 1044 7 3136 16 3276 10 15276 20 12378 18 1762
9 4 6622 20 3108 5 7220 2 10891 12 19639 20 8840 2 13133 3 4605 15 15780
2 18 15114 13 16611
4 11 411 16 14718 14 17628 11 14972
5 18 3270 11 7950 7 12722 14 186 17 15916
3 15 16941 13 18099 12 16643
2 12 19726 1 5192
15 13 1985 4 18729 1 1556 9 13264 19 10359 20 3511 14 9119 20 2822 1 8235 4 4869 5 2457 9 7866 7 4064 9 6983 20 4508
12 5 589 12 10669 7 17887 12 9778 17 12310 1 7594 4 773 9 12505 18 13055 1 11922 6 12009 7 7864
13 16 17049 19 12060 9 686 3 11502 20 5168 5 6294 1 7312 5 18027 4 19712 12 6561 15 19368 6 13088 2 12796
5 11 6581 17 3508 7 13559 20 16507 12 7038
13 16 15730 5 14096 14 18047 3 5874 12 3428 16 7604 19 3730 9 17810 11 10533 6 17123 16 16738 12 4120 16 11899
8 15 15297 6 14568 16 1683 16 1266 9 6960 15 5762 8 8898 6 14177
5 15 12886 15 14579 13 13719 7 49 6 14523
3 11 7980 13 9558 11 12510
5 7 3094 3 7614 7 12594 17 1295 7 12335
11 18 14310 11 4033 3 3378 5 17713 18 8990 8 11064 2 7010 14 16056 6 18902 9 16121 17 18837
7 19 19200 2 14581 15 16845 3 147 5 19434 19 19208 12 2039
15 1 11034 20 15885 8 4179 18 533 10 4750 14 10329 18 18097 8 19194 2 8756 10 19853 4 1884 10 5956 19 3502 18 14016 18 15150
4 3 8171 17 9914 11 10699 2 6879
15 7 4283 9 10814 11 12997 20 4922 13 19618 16 13695 19 6054 13 6540 9 14982 19 6950 2 9400 3 18696 7 14191 10 4007 5 7680
6 13 11293 11 4309 12 1082 3 3201 19 4697 4 18800
2 13 13488 19 7065
3 16 5744 2 10794 13 5717
13 17 349 5 16630 1 19764 18 16019 14 12080 9 8385 2 4956 11 1020 12 19486 12 18693 13 12833 12 9708 15 16147
1 14 6512
8 4 2252 6 2862 20 8089 9 4875 5 17995 11 14277 6 11142 18 10982
3 7 19901 2 4981 9 1292
6 13 13205 12 13409 7 9700 19 88 14 6050 19 17937
14 1 4818 19 6446 8 12112 18 7036 14 13428 10 8637 1 4230 8 14069 5 9880 5 9657 13 3458 18 8512 17 13616 11 1457
3 11 4139 8 18184 4 14113
3 7 13104 6 5998 14 17136
3 14 7350 19 3273 2 5651
15 5 13086 19 1398 12 11994 10 17298 1 10018 5 5236 11 14443 7 8430 17 6368 15 15064 12 17482 17 5863 9 14698 16 17964 8 12477
4 15 12988 19 6804 18 12917 14 18556
15 9 11905 17 2100 13 15651 4 7622 3 18467 20 16375 2 6870 6 1388 1 15683 3 4119 15 13884 8 18690 11 18085 1 13146 7 4297
12 17 10063 13 11598 4 11954 14 7583 15 6260 18 13716 12 15303 16 55 7 3465 12 12917 4 16262 5 14283
4 18 12790 16 13272 11 9890 14 19933
14 15 6770 17 2592 3 13942 13 3920 13 1081 5 11445 3 15755 20 14233 6 19253 3 18970 12 19770 18 1518 12 15241 1 1643
15 14 18365 9 5286 17 3754 7 316 1 10934 13 6842 1 2905 17 2368 2 19197 5 4722 18 17692 13 5587 14 12083 10 12233 12 19658
10 10 3807 13 5596 9 6063 10 9673 12 8407 12 3044 14 10807 11 4602 15 17031 2 12624
8 9 17849 7 7216 10 10606 5 10295 14 9328 13 14580 10 6732 11 19048
13 19 214 17 17629 19 18278 13 17906 4 12137 20 313 16 13893 12 4895 4 12446 19 9719 9 2375 6 19021 13 17744
12 14 17091 11 9797 20 13735 12 6809 16 12561 4 7098 5 16833 18 6169 1 5373 5 13553 4 13628 13 4035
11 13 3200 19 11418 2 11314 20 2665 4 1900 16 13789 20 73 3 16121 1 18397 18 6845 7 17274
12 8 16355 15 4374 17 1571 10 17948 1 12868 19 13777 2 9267 6 2990 11 19137 10 10222 1 14150 19 5252
9 17 1922 11 4996 6 4125 4 15153 5 18524 5 12014 9 522 9 19181 14 12750
10 19 9914 7 8840 6 2349 7 4058 19 15278 16 6832 9 17506 9 8920 7 11751 7 10723
4 15 12448 13 14570 9 18173 5 4961
1 6 12721
13 2 5924 2 15426 10 10884 9 6273 20 1856 20 16203 12 7259 19 17550 5 3615 18 16994 16 15990 15 16203 18 4947
12 10 4188 12 2199 4 5415 12 4421 11 8790 14 4040 2 15739 20 4943 4 6994 14 165 14 11149 9 16002
2 8 4026 13 16705
14 14 4574 1 2159 9 2350 5 2308 16 142 13 2422 15 15051 10 14483 6 13780 5 17831 6 11742 20 10982 19 9519 2 17481
7 19 15461 8 8497 14 16955 12 11193 15 10671 3 18645 11 13475
4 1 8509 17 19706 6 5712 8 12064
9 10 14151 1 15647 18 3709 19 15243 9 16038 18 13520 20 2945 5 7106 1 12022
2 12 8859 11 7501
7 15 10151 16 15518 16 9804 4 157 3 11283 9 11557 4 1688
12 17 6869 1 14844 3 11049 13 13213 14 17176 5 12274 2 16666 16 16748 20 1908 15 16349 16 9489 12 17223
5 3 18266 7 17125 3 16700 16 15852 5 13170
8 16 14034 19 13235 10 10601 7 467 13 1436 9 7138 8 1305 10 13563
9 11 268 20 45 4 14091 18 16283 1 16972 4 13735 1 13979 7 14829 1 10489
15 9 10240 10 19638 16 6777 17 14647 2 9758 10 11341 19 5028 13 688 9 3403 8 6073 4 11107 3 11724 19 18399 4 11739 1 10334
8 10 5763 9 2884 7 8319 3 13053 16 8356 9 7248 5 2692 10 8720
8 16 863 15 6172 17 14689 16 1432 7 11358 14 6829 17 12159 7 911
6 11 16761 10 18244 6 16257 12 6648 6 2283 1 9845
10 10 16410 2 7890 18 10693 7 7368 10 872 5 9875 1 17012 4 3572 6 15403 10 19906
7 1 600 9 19871 7 8032 12 14419 15 17754 4 13819 17 7662
