98 95 9945
33462 49801 41370 7972 61488 91947 67286 55878 97835 60944 22236 1795 34723 44352 8907 15327 28988 16716 82186 99484 1845 69914 63959 44266 4041 36346 11508 41714 79998 976 91783 80393 51515 18425 49210 40530 43855 78973 4347 76653 4049 73307 39689 65055 12680 5466 83871 62763 86014 47260 86195 73855 62791 76762 59056 69818 15096 48921 36813 62960 14911 64310 78557 71844 74481 96541 42705 10437 95971 74974 26083 36292 62739 33603 58068 22740 39978 47120 74852 92310 9391 2824 25138 69691 45357 9260 69498 33097 60159 34328 68807 63060 54341 73667 63702 61424 83696
3 35 569 12 523 28 125
2 8 756 20 160
2 17 179 15 399
2 22 102 7 269
3 29 794 10 421 22 314
2 23 495 34 564
3 9 624 4 520 24 856
2 23 500 34 792
3 20 185 30 565 1 208
2 37 416 22 603
3 18 913 32 258 30 766
3 38 606 24 69 1 723
1 30 135
3 22 868 20 483 34 843
3 3 853 8 835 2 783
3 21 874 38 773 33 120
3 36 150 22 656 17 562
3 12 399 28 898 21 103
3 38 957 25 749 39 861
2 19 273 31 679
2 22 938 12 77
3 15 135 15 472 19 749
1 38 675
3 28 216 12 242 5 92
1 5 323
1 25 585
2 12 736 21 735
1 17 605
3 4 539 13 217 2 369
2 22 405 9 332
2 7 633 17 583
3 11 548 14 578 22 460
2 19 827 21 202
2 14 643 12 350
3 33 107 40 571 4 839
2 25 270 7 447
3 14 459 10 698 7 977
2 12 984 32 380
2 10 920 39 458
3 14 21 24 451 4 992
2 2 154 37 590
3 31 796 20 752 21 71
2 9 911 20 586
1 13 722
1 5 722
3 29 244 18 741 15 130
1 34 935
2 4 317 36 401
2 32 344 31 350
1 28 327
1 29 475
1 16 472
1 29 94
3 18 451 3 878 5 633
2 35 383 30 364
2 29 665 22 296
3 39 83 36 14 15 321
2 21 635 39 218
2 17 809 19 433
2 25 875 20 840
3 22 908 5 735 35 271
1 17 442
2 22 191 13 116
3 13 39 35 185 21 888
1 1 881
1 13 774
1 1 148
1 27 148
3 34 831 36 945 9 588
3 11 150 1 97 34 561
3 17 594 37 722 11 626
1 37 826
2 36 184 12 93
2 34 54 3 689
1 34 178
2 38 167 6 335
3 12 865 27 179 4 181
3 1 679 15 716 36 841
2 32 149 22 188
3 1 843 34 839 10 710
1 12 755
3 23 784 9 351 40 222
3 34 339 36 624 35 944
1 9 658
3 13 490 18 115 19 533
2 35 632 21 480
1 25 928
2 13 731 17 800
1 5 20
1 25 459
1 26 843
3 14 379 14 137 1 112
1 28 174
1 38 215
2 4 966 17 818
2 25 520 7 143
1 10 99
1 1 680
