999 500 482
2 60933
2 58755
1 36360
1 56238
1 32197
1 36808
1 84243
1 47656
1 1449
1 55
2 68391
2 8153
2 58667
1 29746
2 94040
2 29334
1 35130
2 97994
2 91468
1 66121
1 86742
1 56211
2 44106
2 32587
1 39911
2 88232
1 23824
2 12133
2 9038
1 62975
2 9652
1 46322
1 89915
1 60240
2 11418
1 47127
1 58815
1 24698
1 87300
1 94677
1 75573
2 29097
1 5625
2 15860
1 45833
2 89113
2 27071
1 51319
2 70670
1 68447
1 5775
2 71456
1 57072
1 69472
1 82898
1 66998
1 20
2 40097
2 84042
2 25745
2 19244
1 91961
1 33016
1 34139
2 48394
1 54337
2 23569
2 27439
1 37742
1 99131
2 2632
2 69378
1 11744
1 70561
2 72634
2 25114
1 7675
2 32040
2 32632
2 57870
1 76472
1 19676
2 86213
1 22592
2 10878
2 23360
1 6610
1 74744
1 74038
1 46532
1 93035
2 94719
1 8899
2 8731
1 16740
2 7949
2 58040
1 17043
2 24511
1 43135
2 94307
2 67810
1 76678
1 22329
1 36010
1 90010
2 33327
1 61012
1 62603
1 36553
1 58894
2 69851
2 21129
1 49052
2 97483
1 6856
1 6847
1 24690
2 80798
2 69608
2 89017
1 84723
2 96018
2 31001
1 53438
2 66602
1 80064
2 51278
1 48873
1 34463
1 94907
1 51244
1 72163
2 44253
1 2557
2 40359
2 93140
1 60076
2 24708
1 53014
2 18397
1 48890
1 68753
2 6586
1 78775
2 14375
2 80222
1 79914
1 4851
2 19216
2 64404
2 73508
2 22559
1 54240
2 24811
2 47916
1 62974
1 72596
2 1940
1 59759
2 37930
1 17579
2 65072
2 83270
1 3663
2 54159
2 30356
1 87029
2 38742
1 44093
1 2297
2 16836
2 92829
1 74319
1 54623
1 13534
2 78838
1 43095
1 6490
2 7566
1 12464
2 37949
2 68007
1 98422
1 68940
2 84955
1 79336
1 84908
2 75991
2 18797
2 67366
1 85180
2 91886
2 82932
1 76393
2 76461
1 76804
2 75198
2 51263
1 5708
1 383
2 52206
1 97418
2 74339
2 50182
2 97246
1 58321
2 89402
1 61631
2 51131
1 61663
2 78586
1 90842
2 68890
2 99681
2 85885
1 65697
1 23678
1 12766
1 43616
1 93156
1 80077
1 28529
1 22567
2 27894
1 94869
2 58771
2 42249
1 14529
2 65027
2 35586
2 26542
1 48170
2 76787
2 31737
1 95399
2 33473
2 9886
1 32317
1 99816
1 81440
2 8058
2 77242
1 52157
1 35303
1 78237
2 78956
2 24926
2 75437
2 70487
1 97376
1 86117
1 44088
2 46415
2 38487
2 19910
1 15090
2 13262
2 38647
2 55933
2 2990
2 80959
1 65365
1 3458
2 95944
1 30036
2 68428
2 44124
2 23680
2 41858
1 21089
1 77671
2 3171
2 4638
2 42685
1 35112
1 87423
2 91805
2 20603
2 52401
1 28766
2 26877
1 35722
2 17589
1 61942
1 87289
2 77561
2 13199
1 82424
1 52354
2 25526
2 61858
2 41216
2 13228
2 26956
2 51322
2 63520
2 52919
2 14801
2 55474
1 12374
1 74736
1 97799
2 20121
1 57255
1 27229
1 89363
2 86990
1 76435
1 54577
2 15615
1 72441
2 5621
1 94372
2 60861
2 65923
2 58955
2 22603
1 13711
1 81737
2 62236
1 91682
1 13219
1 15816
1 27499
1 59141
2 79105
1 83563
2 28391
1 6839
2 97292
2 63460
1 64359
1 12208
1 86811
2 76690
1 86236
1 45375
1 33694
1 80507
2 37805
1 84710
1 82180
1 34441
2 89454
2 39474
1 47336
1 70470
2 74207
1 33580
1 26607
2 58040
2 87802
2 65307
1 19930
1 1810
2 10825
1 64334
2 12229
1 18152
2 16173
1 19076
1 79290
1 51801
2 17146
2 44507
2 71789
1 59405
2 88566
1 8311
1 62063
2 13463
2 25053
2 10457
2 6722
2 3766
2 65541
1 87513
1 88913
1 83382
1 88625
1 77128
1 4035
2 64447
2 54126
1 23683
1 88849
1 28425
1 92159
2 48183
2 37960
1 80643
2 61595
1 82202
2 96336
1 80543
2 86192
1 29631
2 22300
2 56627
1 29550
1 91482
2 91077
1 85894
2 61260
2 98226
2 75645
2 34394
1 84233
1 2216
2 40535
2 34813
2 33347
2 64964
2 23597
1 73882
2 67453
1 7115
2 93025
2 91505
2 72159
1 93318
2 30448
1 26316
1 46252
2 42551
1 54867
2 92727
2 65625
1 98095
2 71135
2 83572
1 54005
1 16690
2 92458
2 18437
2 9797
2 77896
1 33639
2 14072
2 66525
1 82287
1 52612
2 18932
1 81280
1 97894
1 32239
2 76812
2 87539
1 27919
1 79305
2 97832
2 84450
2 33461
2 91050
1 97724
2 97855
1 29112
1 14950
1 75079
2 25015
1 48553
2 69122
1 42193
1 53402
1 78452
2 88721
2 46468
1 61841
1 62419
1 15825
2 36885
2 16437
1 43295
2 25302
2 24784
2 517
2 15832
2 63729
2 89748
1 86732
1 9382
1 83918
1 59077
1 99351
2 17376
1 88980
1 55307
1 47998
1 31254
1 83512
2 27567
1 27556
1 28181
1 43121
1 82027
1 42516
1 37069
1 62317
2 50932
2 2587
1 59093
1 911
2 9763
2 51933
2 77878
2 89765
1 1175
2 72838
1 35952
2 24743
1 61577
1 6045
1 69239
2 63317
1 6229
1 48581
1 38107
1 1674
2 1809
1 75491
2 9727
1 72375
1 67955
2 45685
2 95534
1 68862
1 71481
2 64319
1 18828
1 66910
1 19765
1 89317
2 89113
1 99281
2 48044
1 66007
1 54677
2 5237
2 86910
1 87027
1 37558
2 5379
1 86734
1 16622
2 49234
1 68171
1 65106
2 58733
2 86120
2 13712
1 60293
1 29558
1 51471
1 88543
2 91346
2 553
2 77645
1 83259
2 52666
1 32143
2 53461
2 51414
1 90267
1 89755
1 92061
1 92937
1 78363
2 39179
2 45124
2 95701
2 63483
1 5512
1 36245
1 98246
1 94986
1 41495
1 17446
2 71429
2 64385
2 2573
1 23164
2 28400
2 65509
2 73272
1 73453
2 38730
2 6226
1 28071
1 87808
2 6454
1 23496
1 80817
1 38198
2 70447
2 14263
1 19312
2 61358
2 46283
1 70547
1 79794
1 81307
1 69938
2 33786
1 19298
1 60782
2 72056
1 34499
1 73232
2 74545
2 353
1 37087
1 34400
1 42220
2 93568
1 25681
1 76122
1 78233
1 20432
2 77189
2 53539
1 49754
1 50114
2 36401
1 42792
2 27548
1 62195
2 64883
2 48208
2 61445
2 48420
1 13769
2 64537
1 77657
1 8139
1 65366
2 96422
1 22743
2 41276
1 28942
1 52026
2 28989
2 71271
1 67207
1 15796
1 65990
2 18955
2 49326
1 27184
1 83046
2 40248
1 52701
1 69198
2 93839
1 30017
2 9854
1 74190
2 8551
2 44088
2 26496
2 88435
1 33
1 64206
1 6541
2 88950
1 69562
1 6034
1 89444
2 60140
1 95630
2 91051
2 25809
2 88279
2 26269
2 18747
1 80073
1 25274
2 13521
1 18552
1 45639
1 13780
1 58898
2 48998
1 74323
1 96882
2 86366
2 47720
2 30286
1 67628
1 70239
1 13250
1 8280
2 10296
2 78508
2 22434
2 85490
1 75425
1 23954
1 89190
2 16451
1 7415
1 61216
2 97947
1 31650
2 79395
1 20270
2 75577
2 96558
2 67591
1 46678
2 68543
1 38134
1 60289
2 14948
1 7689
1 35948
2 50254
1 85648
2 86549
2 84765
2 45884
2 90118
2 32405
2 34775
1 93401
1 66539
2 97289
1 19906
1 81934
1 77463
2 88230
2 67438
1 21681
1 6924
2 10880
1 57389
2 40404
2 1847
2 39212
2 27719
1 33030
2 81112
2 74013
1 51366
1 46816
2 62536
2 7311
2 95026
2 63403
2 48826
2 91347
2 20987
2 33805
1 32466
1 99456
2 85081
2 42440
1 20919
2 73375
2 60225
2 88726
1 74593
1 63254
1 63064
1 59637
2 97594
2 62195
1 47936
1 33821
2 24317
1 41576
2 77166
1 89102
1 48455
2 86362
2 61175
2 92191
1 80529
1 72308
2 55517
2 12192
1 14085
1 62630
1 29959
1 76827
2 6714
1 95648
2 67390
1 73998
2 84027
1 52037
2 87725
1 82802
2 52473
1 3665
1 25863
2 2274
1 31636
1 20024
2 80744
1 16032
1 61737
1 10601
2 6643
2 93409
1 8012
2 36973
2 69954
1 36853
2 6272
2 49489
2 46156
2 70991
1 46543
2 90769
1 1050
1 4220
1 98496
1 74716
1 75423
1 41920
1 31751
2 85418
1 81585
2 21955
2 88981
2 85110
2 1220
1 29379
2 71114
1 52655
1 27756
1 74887
2 92044
1 8884
1 38908
2 23937
1 61479
2 97917
2 61102
2 13520
1 75875
2 18086
2 841
1 12097
1 71007
2 96202
1 64842
1 80430
1 68349
2 30524
1 89314
2 8662
2 90888
2 6326
1 97091
1 64644
1 76169
2 39187
2 8395
2 41332
1 53515
1 17360
1 58248
2 2881
2 76868
1 52128
1 68881
1 54711
2 18943
2 2133
1 45773
1 89930
1 81972
1 61552
2 34943
2 92376
1 98636
1 31724
1 52970
2 90487
2 23108
2 46165
2 53620
1 34403
1 56738
2 2290
1 65200
1 14947
1 84052
2 97934
2 35629
1 74107
2 29522
1 91358
1 12770
1 78745
1 62892
2 96759
2 32919
2 636
2 88930
2 88226
2 87737
1 80424
1 41604
2 59179
2 57456
2 23818
1 75212
2 46318
1 57572
2 3983
1 14556
2 34092
1 56146
2 89993
2 75930
1 22654
1 10228
2 79473
2 25829
1 56193
1 43181
2 14246
1 41216
1 8545
1 5963
1 45974
1 81950
2 58890
2 3914
2 97744
2 67018
1 55463
1 36506
1 83150
1 53423
1 1496
1 48088
2 69054
1 53643
2 52068
2 69488
1 92145
2 92730
1 80759
2 56539
2 79992
2 11650
2 59148
1 34286
1 23050
2 56444
2 79368
2 70490
1 40576
2 50323
1 52065
1 2181
1 5835
2 1386
2 94416
1 99665
1 31218
1 78116
2 39969
2 15618
2 24717
2 41420
1 73793
2 32676
1 99568
2 3880
1 73755
2 8282
2 3704
1 29368
2 37575
2 49092
2 7604
2 62888
1 49826
1 93336
2 70854
2 5943
2 2038
2 79310
1 89444
1 15117
2 71558
2 71989
2 31609
2 33261
1 4023
2 24865
1 35334
2 73981
1 64557
