999 489 492
2 129
2 632
2 961
1 354
2 494
2 825
1 448
2 176
1 740
2 191
1 949
1 656
1 573
1 922
1 367
1 858
1 12
1 200
1 895
1 480
1 414
1 737
1 291
1 306
2 566
2 655
1 480
2 904
1 764
2 317
1 300
2 182
2 486
2 303
2 214
1 411
1 217
2 235
2 574
2 91
1 544
1 407
1 577
1 753
1 211
1 377
2 408
1 361
2 608
1 20
2 655
1 923
1 21
2 33
1 671
2 728
2 456
2 801
2 207
2 14
1 94
2 360
2 140
2 820
1 768
2 295
2 633
1 363
1 672
2 983
2 12
2 207
1 900
1 943
2 277
2 22
2 691
1 290
2 426
2 472
1 311
2 152
1 737
2 863
1 959
1 418
2 315
2 107
2 177
1 13
1 302
2 19
2 393
2 567
1 672
1 911
1 791
1 837
1 646
2 821
2 831
1 973
1 122
2 475
1 897
2 928
2 798
2 557
2 586
1 590
1 308
2 111
1 949
2 600
1 332
2 886
1 150
2 893
2 836
2 175
1 453
1 478
1 943
2 919
2 175
1 305
1 992
2 101
2 979
1 314
1 721
1 685
1 469
1 703
2 534
1 221
2 103
1 818
2 951
1 620
1 463
1 409
1 264
2 402
2 634
2 362
1 837
1 212
1 941
1 349
2 673
2 959
1 833
1 835
1 892
2 324
2 518
1 688
2 74
1 604
1 47
1 687
1 425
2 963
2 908
1 768
2 821
2 377
1 116
1 853
1 12
2 237
1 232
2 678
2 598
1 254
1 884
2 371
2 566
2 356
1 648
2 925
2 386
2 827
1 755
1 255
1 581
1 1
2 448
2 766
2 372
1 928
1 155
1 864
1 832
2 839
1 729
2 299
2 328
1 700
2 935
1 487
1 96
1 917
1 46
1 524
1 64
2 981
2 161
1 740
2 632
1 416
1 728
2 844
1 229
1 91
1 124
1 393
2 48
2 861
1 949
2 848
1 947
1 998
2 168
1 686
1 958
2 183
2 579
2 887
1 230
2 642
1 811
1 825
1 272
1 948
1 479
1 963
1 756
2 510
1 846
2 444
1 276
2 858
1 30
1 640
1 611
1 148
2 717
2 33
2 532
1 607
2 686
1 990
1 149
2 394
2 184
2 631
1 498
1 783
2 931
2 844
2 204
2 276
1 594
2 88
1 542
2 687
1 932
1 995
1 320
1 896
2 429
1 60
1 983
1 69
2 718
2 849
2 281
2 646
2 264
1 231
1 277
2 792
2 926
2 347
2 664
2 4
2 815
2 38
1 627
1 431
2 336
1 730
1 428
1 481
2 937
2 604
1 637
1 865
2 300
2 140
2 396
1 689
1 773
1 688
2 962
1 765
1 994
1 315
1 996
1 906
2 125
2 603
1 500
2 458
2 432
2 223
1 443
2 56
1 664
1 979
1 994
1 28
2 785
2 24
2 504
2 986
2 62
2 841
2 141
2 210
2 275
2 450
2 635
1 694
2 962
1 613
1 48
2 25
1 74
1 354
2 67
1 258
2 200
2 792
1 188
2 968
1 239
1 230
2 981
2 779
1 534
1 807
2 289
1 206
2 871
2 936
2 46
2 100
1 532
2 909
2 303
2 107
2 752
2 169
1 791
2 635
2 136
1 626
2 106
1 415
2 198
2 53
2 861
1 807
2 681
1 603
1 135
1 744
2 547
1 742
1 841
1 636
1 850
2 180
2 223
1 383
2 976
1 584
2 263
2 841
2 137
1 776
2 969
2 530
2 548
1 919
2 234
1 60
1 141
1 635
1 654
1 771
1 754
1 232
2 505
2 953
2 647
1 332
2 887
2 381
1 625
1 87
2 98
2 490
1 40
1 308
2 756
1 480
1 289
2 939
2 724
2 935
2 896
2 599
1 331
2 441
2 672
2 670
1 992
1 819
1 536
1 537
2 562
1 357
1 853
2 530
1 72
2 993
2 428
2 753
1 15
1 206
2 297
2 805
2 803
1 335
2 77
2 367
2 440
2 254
1 913
1 507
1 634
1 310
2 786
2 320
1 396
1 23
1 362
1 609
2 214
1 710
2 802
2 606
2 83
2 562
2 996
2 991
1 263
2 309
1 112
1 76
1 771
2 267
1 672
2 322
1 328
2 14
1 167
1 497
1 351
1 380
1 455
1 179
2 425
1 615
1 442
1 943
2 114
2 576
2 453
1 182
2 700
2 133
2 535
2 218
1 156
1 387
1 361
1 249
2 769
2 31
2 619
1 358
1 403
1 39
1 93
1 705
2 953
1 76
1 866
1 940
2 127
1 429
2 930
1 66
1 20
1 650
2 715
1 763
2 275
1 782
1 360
1 982
2 687
2 617
2 100
2 138
1 639
2 355
1 930
2 520
1 61
1 638
1 458
2 974
2 200
1 910
2 632
1 909
2 973
1 839
1 218
2 956
1 630
1 471
2 865
2 860
1 23
1 342
2 88
2 318
2 932
1 459
2 102
1 418
1 506
2 35
1 644
1 738
1 662
2 34
1 583
2 82
2 599
2 458
2 257
2 543
1 600
1 365
1 441
1 691
1 284
2 189
1 742
2 458
1 542
1 560
1 890
2 31
1 247
2 855
2 434
1 8
2 169
1 894
1 172
2 556
2 454
2 483
1 508
2 396
1 868
2 947
2 921
1 337
1 369
2 554
1 75
2 332
2 55
2 611
2 835
2 196
2 683
1 432
1 815
2 137
1 204
1 380
1 269
1 105
2 259
2 719
2 970
2 181
2 70
1 534
1 915
2 578
2 811
1 470
2 2
2 417
1 803
1 268
2 949
2 826
1 233
1 78
2 315
2 436
1 628
2 706
1 231
1 472
1 388
1 655
1 958
1 163
2 965
2 819
1 618
1 881
2 424
2 9
1 798
1 356
1 339
1 197
2 184
1 857
2 916
2 112
1 160
1 838
2 241
2 300
2 137
2 262
2 680
2 5
2 222
2 863
1 871
2 425
2 657
2 532
1 395
1 36
1 765
1 702
1 835
1 71
2 856
2 7
1 138
2 504
1 218
1 823
1 441
2 754
2 580
2 875
1 781
2 236
1 247
1 943
1 574
2 522
2 739
2 800
2 811
2 666
1 783
2 512
2 583
2 947
1 167
2 156
1 888
2 852
1 282
1 868
1 512
2 140
2 185
2 562
2 628
2 468
2 476
2 526
1 113
2 663
2 137
1 337
2 732
1 920
2 24
2 823
2 700
1 476
2 992
2 374
1 312
2 932
2 659
1 820
2 792
1 928
1 937
2 852
2 400
2 192
1 58
2 484
1 725
1 160
1 647
2 379
2 10
1 68
2 171
1 756
2 805
1 631
2 558
1 972
2 510
2 186
1 425
2 901
1 828
1 792
2 183
1 874
1 74
2 145
1 899
1 992
1 442
1 370
2 342
2 47
2 558
1 439
1 651
2 915
1 791
2 638
1 971
2 847
2 638
2 644
2 927
1 931
1 758
2 834
2 512
2 391
1 772
2 582
1 968
1 171
1 142
2 807
2 189
1 97
1 588
2 525
1 548
1 909
1 146
2 93
2 432
2 306
1 296
2 162
1 661
2 198
1 683
2 965
2 95
1 187
1 996
1 312
1 78
1 102
1 637
1 226
2 280
2 620
1 584
1 861
2 972
2 707
1 785
1 975
2 351
2 463
2 756
1 669
1 942
2 369
1 760
2 994
2 575
1 857
2 174
1 287
1 23
2 628
2 321
2 688
2 993
1 930
1 325
2 17
2 954
2 708
1 153
1 76
2 833
2 289
1 961
2 606
2 807
1 503
1 860
1 114
1 863
2 968
1 901
1 461
2 613
2 650
1 318
2 524
1 419
2 249
2 381
2 512
1 536
2 711
2 956
1 905
2 858
2 925
1 847
1 671
1 641
2 392
2 847
1 446
2 165
2 437
2 573
2 206
1 296
1 659
2 644
1 226
2 706
2 118
1 435
1 542
2 148
1 76
2 847
2 815
1 283
2 519
2 670
2 379
1 896
1 391
1 241
2 932
2 280
2 969
2 337
1 530
2 274
2 92
1 284
2 206
1 626
1 730
2 769
2 802
2 706
1 276
1 462
2 695
1 26
1 790
2 88
1 228
1 892
1 522
2 60
2 465
1 479
1 223
1 852
2 472
2 525
2 551
1 539
1 576
1 570
2 421
1 670
1 713
1 302
2 734
2 80
1 29
1 373
1 422
2 783
1 588
2 204
2 299
1 768
1 508
2 20
2 867
2 637
2 738
1 685
2 229
1 2
2 76
2 929
2 317
2 34
2 161
1 892
1 527
1 30
2 660
2 333
1 3
1 288
1 488
1 674
2 159
2 330
1 351
1 700
1 419
2 717
1 370
1 168
2 31
1 638
2 57
1 678
2 728
2 770
1 186
2 439
2 463
1 148
1 715
1 29
1 654
1 322
2 880
1 447
1 578
1 901
1 548
2 932
1 85
1 501
