998 322 336
3 33231
2 86056
3 49
3 27024
2 88040
2 77520
2 25118
1 99113
2 67158
2 1290
1 73777
2 69443
1 89842
2 3327
2 19229
1 57899
3 74574
3 29533
1 43427
3 83578
1 59942
3 33851
1 81560
3 25497
2 5242
1 44392
2 52275
2 91025
2 86829
2 97915
1 63569
2 37863
3 43589
1 40703
1 92806
3 71142
2 8935
3 28932
3 14166
1 99532
2 22580
3 20100
3 52641
3 55235
2 7429
3 28440
3 40677
2 80327
3 34612
1 37770
2 3651
1 64876
2 97042
1 2044
3 192
2 77354
2 45380
2 6387
2 87448
2 54222
1 19650
1 2182
2 90787
1 17879
2 26908
1 16692
1 94821
1 79651
1 86738
1 40687
2 60480
1 28400
2 5516
3 18801
2 4622
3 96364
3 23936
3 78986
3 17741
1 11201
3 47362
3 52082
3 74748
2 21744
1 43750
1 58198
2 86369
1 86081
2 46084
2 29365
2 25294
3 94127
2 43451
2 47752
3 69863
1 98923
1 7266
1 38613
1 94570
2 29240
3 64876
1 41797
3 20075
1 91445
3 57350
1 10692
2 41622
3 17359
2 32657
1 89153
1 90703
2 94440
2 79749
3 56729
2 14345
1 72209
1 24412
3 6886
2 30604
3 80978
1 41808
2 27717
3 24974
1 51912
3 12000
3 5457
2 99918
1 50749
1 50469
3 74247
2 49253
2 83380
3 77658
1 33088
3 4004
2 86425
2 31252
2 85823
3 3970
2 25711
3 19302
1 16277
3 68268
1 85254
3 99255
2 82986
3 5965
2 91627
2 41676
1 95811
1 77596
2 23970
1 34233
1 83893
2 87058
2 25578
3 54207
2 99154
2 73912
1 91615
2 39334
2 29968
2 54849
1 66907
2 672
1 57788
1 13028
3 92507
1 45203
3 80518
2 71252
2 16913
2 80419
1 45696
3 29817
2 15285
2 88942
1 15214
2 26635
1 90768
1 15292
2 99703
2 21616
3 79260
1 30321
1 29111
2 67137
3 98603
1 52466
3 5387
2 48625
1 4213
1 69680
1 51061
2 62854
3 94204
3 61773
2 44358
1 3671
1 47930
2 35147
3 75756
2 6648
2 53838
2 22920
1 23825
2 76918
3 33464
2 72374
3 68431
3 34246
1 24669
1 42443
1 93988
1 68653
3 89771
3 48054
2 99196
2 48712
3 10506
3 94734
1 41556
1 42506
3 21070
1 94753
2 14242
3 94868
3 58679
1 4065
2 49546
3 77980
3 73727
2 43203
2 53217
3 16576
2 62317
2 38014
3 90573
2 16504
3 71289
1 95610
2 92358
1 91138
2 22556
3 8500
3 31223
1 32472
2 13452
2 58353
3 9945
3 63116
1 36176
2 24988
3 41468
3 66151
1 70853
1 81105
2 27125
2 645
2 2541
1 59818
3 70794
1 39378
2 49443
3 90780
1 24636
3 78417
1 75433
3 46189
2 44189
2 92696
1 147
2 98988
2 79052
2 52401
1 47463
2 42602
3 78797
3 36643
2 97560
1 16998
1 22979
3 86200
1 26017
2 37343
2 57679
2 94056
2 76746
3 65907
2 24808
3 91204
3 82925
3 2789
2 77609
2 19135
1 75020
3 64720
2 85275
2 15946
1 37100
3 35064
3 87426
3 86751
1 76370
1 49497
3 96494
3 81222
2 66293
1 1982
2 17583
3 30816
2 73254
2 63362
2 90878
3 63316
2 62323
1 19416
1 96575
2 76220
1 89017
3 40754
3 39402
3 71103
1 67299
2 52613
1 67009
2 63599
3 31879
1 74578
3 94115
1 3143
1 27855
1 42253
1 28825
1 28488
3 9937
1 76961
3 85055
2 37617
3 95639
2 8128
2 63212
3 5029
1 30908
1 79810
1 12540
2 17181
2 68039
2 99598
2 7820
1 19852
2 26219
1 52042
2 79465
2 81559
2 25559
2 24473
1 1735
1 87581
2 23590
3 29776
2 67081
1 90689
1 84104
3 76134
1 11684
3 78254
3 38079
2 71503
1 249
2 36686
3 22378
2 69869
1 19470
1 18377
1 59253
2 82342
2 51351
1 79841
1 85614
3 30720
3 62240
2 14231
1 68727
1 85138
2 29306
1 4577
3 94377
2 85171
2 53893
2 93815
1 87971
3 2803
1 35429
1 40004
3 98218
1 3191
2 60827
3 95172
3 98216
1 61318
3 38070
3 66066
1 66025
1 34730
2 19634
3 74732
1 85538
1 38451
2 17841
1 80574
3 68399
2 31188
2 29147
1 97572
1 87234
1 32521
1 4117
3 76856
3 78544
2 88572
2 28145
1 48267
1 28288
1 99030
1 52153
3 90743
1 92586
3 36653
2 15172
2 4849
2 13060
1 23661
2 62564
2 83053
3 44191
1 44249
1 87841
2 10505
3 46144
2 97553
3 11313
2 58503
3 24994
3 57270
2 54300
3 70655
2 65031
3 96037
3 51727
1 83437
2 20994
1 88365
2 94601
3 40254
3 36949
2 18958
2 19023
2 95774
3 3826
2 2809
2 46751
2 77185
2 37795
3 97150
1 94699
2 84400
2 53587
3 9121
3 64213
2 89476
1 58322
1 445
1 78641
2 63788
2 62041
2 2813
1 84111
3 72073
2 73076
2 80994
3 17049
2 48816
3 13000
2 41591
1 64785
2 1117
1 82683
1 13625
2 60728
1 10088
1 84554
3 93895
1 97432
3 92664
1 31488
1 67475
2 9037
1 11877
1 35639
2 1383
2 54293
3 14919
3 60308
2 35842
2 20312
1 30044
1 2253
1 58253
1 55815
2 27914
1 85187
3 39281
2 12356
1 90658
1 65582
3 34716
1 45706
3 36317
2 82694
2 25612
2 13379
2 47294
3 80846
2 26363
2 19318
2 64748
3 7101
3 73032
1 41373
3 92002
1 56195
3 65525
1 88253
1 61225
1 41495
1 60005
1 29833
3 87290
1 34212
3 23740
2 15860
3 50113
2 1755
1 46323
2 84552
3 66399
3 89104
3 44952
1 8935
2 25287
1 86611
2 94735
1 65453
2 91224
3 39673
2 64220
1 30057
1 35274
3 63107
2 7827
3 70281
3 10839
3 9631
3 18728
2 97274
2 37502
2 82229
3 68586
2 85993
3 41739
3 67614
2 72400
3 46225
1 35313
2 44438
2 58881
3 24130
3 42821
3 76903
1 22376
1 38879
2 71646
1 98401
1 65162
3 91767
2 18172
1 59375
1 26822
3 48000
2 58181
1 25680
3 67798
2 9404
3 56960
2 39886
1 28352
1 8276
3 28571
1 67885
3 64946
2 44383
2 83911
2 83907
1 45808
2 29451
1 98061
2 25452
1 91090
2 13410
2 78121
2 67995
1 90599
1 94170
1 66838
1 29214
2 20782
2 78665
3 94760
3 62283
3 43102
1 55574
3 61363
2 96782
3 73185
3 8702
1 33351
3 18568
3 57219
2 90969
2 62829
3 38284
1 90002
3 72660
2 48911
2 10712
1 37692
1 23447
1 65477
1 53486
2 5714
3 58494
2 65371
2 86554
1 44129
1 53019
3 31168
3 93085
1 63599
3 81673
1 36027
2 27616
3 5975
1 23433
1 62922
2 82452
3 2995
2 64806
2 22963
1 56924
2 54714
3 61394
1 6277
3 52258
3 72360
3 82855
2 57372
3 28044
1 28782
2 72925
2 16127
1 95665
1 75484
2 16741
3 28037
2 10843
2 66264
2 28753
1 18569
2 29507
3 33868
2 62044
2 63077
3 11882
2 30368
1 76017
3 73296
2 70543
3 18189
1 55368
1 92213
1 90234
3 86877
2 95098
1 41489
1 46999
3 37047
1 32945
1 38456
2 5402
2 66318
2 38837
3 93136
1 58876
1 85030
2 61906
2 78088
1 1653
2 4442
2 95267
3 33
1 44039
3 45384
1 24338
3 48867
1 46305
3 36568
3 81369
2 32635
3 78681
3 89991
3 25693
1 26749
1 33778
1 9506
2 62833
3 44469
1 50193
1 8316
2 52122
1 78443
3 56627
2 80541
1 95458
2 9750
2 85167
1 86179
3 38476
2 19484
3 45024
3 65114
2 78570
3 14038
2 6400
3 55789
2 80184
3 64692
3 54971
2 54041
1 976
2 64655
3 79010
1 29662
2 19398
1 21466
1 83659
1 44495
1 83232
2 67087
2 82446
2 93074
1 68575
1 84063
3 99439
3 99277
1 71174
2 50389
2 82226
3 94434
2 28688
2 36778
1 87900
2 63337
2 79159
1 29178
3 20065
2 49440
3 90351
3 96971
3 23461
1 12413
2 67616
1 23703
3 3883
2 16107
1 84177
1 23237
1 8564
3 84867
3 23894
2 78056
1 1270
2 51547
1 58657
3 88477
3 54896
2 13145
1 55620
2 68771
3 40704
2 42402
3 5041
1 98022
3 84869
3 51515
2 7701
3 52525
1 67015
1 97580
2 93242
3 6726
2 21249
3 26632
1 807
2 79324
1 13741
1 35973
1 40262
3 33949
1 82304
3 78115
3 36984
1 67400
2 31596
2 70191
3 77793
2 75347
3 11823
3 74930
2 52416
2 79121
3 58613
2 42812
3 89207
3 71562
3 15583
1 35137
1 93855
1 57149
2 52162
3 57394
3 61410
3 71551
3 4733
2 22682
2 93699
2 52530
3 39402
3 5323
2 14836
1 94226
3 81614
3 52011
2 13779
2 10882
3 90260
1 62853
1 91665
2 89462
2 40078
1 11752
1 66571
2 82686
2 44
3 26894
2 7186
3 96307
1 97131
3 43376
3 55084
1 71736
2 50953
3 78396
2 6481
1 7315
3 84519
1 15134
2 97281
2 53720
1 84007
1 65563
1 62250
2 72004
2 95926
3 96310
2 45638
2 32011
1 1322
3 42791
1 11620
1 99805
3 80151
2 61055
1 24643
3 69267
3 8780
3 24520
1 74004
2 89074
3 86691
3 76504
1 36108
3 25603
2 58165
1 87950
3 77248
3 33888
3 90788
1 49364
3 2607
2 74228
3 77655
3 68794
1 96801
1 74856
2 20812
1 44195
2 744
2 87703
2 79801
3 58345
3 13048
3 84526
1 86436
2 83149
2 68026
1 82452
1 56496
1 97872
1 56391
3 76380
2 20165
3 47373
3 23394
1 93356
2 24326
1 25719
2 139
3 19693
2 67776
2 23226
1 66096
1 48899
2 9362
1 74513
3 50555
2 361
3 6999
2 51868
2 59881
3 53668
3 19239
3 69942
3 72209
1 76068
2 10801
1 45074
2 32174
2 2993
3 42936
2 43929
2 91514
3 14766
2 38723
2 89868
2 62555
1 49984
1 91712
2 57223
1 62214
3 60221
3 83585
1 64974
1 4342
2 46969
3 59703
3 97953
1 35835
3 22901
3 62832
3 92866
3 83086
3 67168
2 14337
2 22206
2 18319
3 22703
2 22296
2 50609
2 7159
2 52968
1 18913
3 5565
1 74156
1 35568
3 37613
2 678
1 39327
