998 486 491
1 21794
2 2492
1 93527
1 71312
1 70844
2 15597
2 97864
2 66292
2 14469
2 84554
1 7073
2 63793
1 3413
2 56501
1 94515
2 38200
2 49925
1 6408
2 58138
2 90431
2 4926
2 56705
2 41577
1 55260
1 74271
1 86829
2 11909
1 96388
1 89517
1 47315
1 30608
2 39327
2 22462
1 30868
2 65693
2 9192
2 10544
1 72739
2 73489
1 76410
2 20322
2 32604
1 25831
1 64032
1 90861
1 65094
2 54899
2 2300
1 74951
2 30987
1 90146
2 46873
1 71896
2 47930
2 49821
2 22100
2 93887
1 55902
1 16211
1 83994
2 42852
2 16548
1 35071
2 42220
1 6811
1 53975
1 95415
1 92371
1 74004
2 87029
2 86147
2 31042
2 10303
2 38527
2 91084
2 89647
2 40572
1 20797
1 27380
1 96041
2 48958
2 2699
1 68716
2 98548
1 62306
1 75922
2 16247
1 45396
2 74129
1 52566
1 37122
1 10719
2 82941
1 93548
2 54750
1 19570
1 41985
2 18089
1 35560
2 11658
1 80637
2 50238
2 47765
2 3401
1 35416
1 25451
1 69866
1 21401
1 78045
2 38787
2 86910
2 47134
1 41618
1 63127
2 39186
1 19416
2 66741
1 1027
2 93359
2 24663
1 67042
1 16525
2 91778
1 27082
1 50421
2 93883
2 16473
2 87423
1 93842
2 69139
2 75170
1 57352
2 72067
1 47695
1 6659
1 37125
1 13315
1 89948
2 82971
2 56637
2 39564
2 21988
2 18515
2 92691
1 34606
2 40470
2 26067
1 7695
1 80931
1 44506
2 42421
1 77099
2 3622
1 97871
1 14111
2 29105
1 86832
2 26556
2 43788
2 39040
1 53870
1 29109
1 44895
1 10965
1 44909
1 79393
1 79377
2 77695
2 11143
2 33006
2 41371
2 62177
2 13161
2 35380
1 7211
1 22612
2 81646
1 89257
1 4081
1 58702
1 58469
1 17210
1 32997
2 90325
1 39001
2 12797
1 85970
2 20597
1 2861
2 55914
2 50571
2 25287
2 68462
2 91175
2 85848
1 18914
2 36587
1 90711
1 7638
1 40538
1 48480
1 53130
2 26029
2 15090
1 37437
2 47648
1 54035
1 25423
2 20086
1 92116
1 57075
1 48034
2 3776
2 84070
2 28993
2 7013
1 36319
1 23319
2 92642
2 89728
1 27543
2 87612
2 88676
1 36887
2 28615
1 99720
1 33546
2 1917
2 60627
2 56639
1 1457
2 2604
2 83799
2 32769
2 9854
1 78390
2 38092
1 82598
1 87603
1 26611
1 10060
1 48163
1 93185
2 54814
1 13220
2 17288
1 93680
2 6115
1 42942
2 23475
2 57395
1 29646
2 20965
1 31513
1 43817
1 49140
1 3930
1 98746
1 57487
1 36566
1 3822
2 41806
2 49156
2 35042
2 12030
2 32889
1 27098
2 60070
2 15027
1 8387
2 31748
2 88575
2 88425
1 752
2 70097
2 87425
2 68729
2 84804
2 99254
1 76373
2 81823
1 97948
2 62285
1 47708
1 72464
2 10966
2 28984
2 50623
1 68962
1 20688
2 20932
2 25591
1 91494
2 19959
2 93755
2 41445
2 86393
2 69741
2 55103
1 62241
2 35920
2 87387
2 41606
1 17136
1 3946
2 80779
1 37758
1 2411
1 14095
1 36773
1 9557
1 30194
2 88510
1 53856
1 80508
1 28553
1 94792
2 68291
2 46906
2 22690
1 53209
1 45374
1 73159
1 24928
1 57878
2 75292
2 6800
1 79463
2 70689
2 85008
2 45949
1 4167
2 53077
1 26144
2 70592
1 81531
2 34472
2 28676
2 55872
1 16265
2 59750
2 80540
1 6150
2 52071
1 40212
1 20678
1 2006
1 33266
2 19333
1 59999
1 81197
1 45672
2 18056
1 68694
1 67302
2 98226
2 66856
2 4263
1 94526
1 3906
1 65592
1 80584
1 73548
2 92097
1 51029
2 90749
2 81329
2 50846
1 84757
2 44490
1 37546
1 62425
2 48261
2 68358
2 64163
2 10042
1 3626
2 96682
1 24136
1 98467
1 9951
1 4128
2 310
2 55526
1 59532
1 34925
2 34575
1 67572
1 90293
2 71728
1 48547
2 47379
2 84482
1 86915
1 19220
2 79524
2 30010
1 93045
1 45758
2 61544
1 42535
2 1560
2 23920
2 52165
1 65929
2 87517
2 36845
1 76857
2 99810
1 20745
2 56113
2 89321
2 84577
1 84538
2 39912
1 52623
2 12874
2 3494
2 63292
1 39841
1 1296
1 9987
1 70340
1 24361
1 92233
1 43810
2 315
1 12215
1 60978
1 80531
2 78689
1 29160
1 15292
2 7899
1 38172
1 24795
2 29922
1 450
1 22518
1 21264
2 51206
1 28500
2 41558
1 83990
2 37904
2 47834
2 92706
2 69789
1 50889
2 74922
2 7660
1 41801
1 59658
2 873
2 95109
2 15226
1 121
1 54847
2 56080
2 29849
1 15657
2 94545
1 71726
1 12342
1 60978
2 77722
1 85047
2 6408
1 69234
1 82292
1 84418
2 61545
2 53425
1 92261
2 30381
2 66801
1 69591
1 96522
1 74456
2 65837
2 46234
1 28448
1 97765
2 36066
2 92287
2 49122
2 1776
2 76905
2 51989
2 72346
1 97145
2 56983
1 413
2 20865
2 28361
2 6295
1 795
2 64855
1 39649
2 70220
2 2177
1 35822
2 22068
2 44944
2 25578
2 24978
2 33524
1 65378
2 54074
1 1238
2 94111
1 61877
2 43054
2 24480
1 70114
2 34869
2 86709
2 88443
1 63337
1 10966
2 71534
2 57308
2 99835
1 39405
2 57933
1 54673
2 96921
1 9274
2 86982
2 72925
1 55449
2 19786
2 23899
2 46461
1 69244
2 3324
2 4943
2 41844
1 10541
1 84174
1 36160
2 8494
2 65345
2 30386
2 46897
1 67635
2 28698
2 80595
2 87741
1 37011
1 71148
1 36490
2 79504
1 91186
1 3568
2 61657
2 3845
2 48239
2 18054
2 84758
1 44148
1 84251
1 12732
1 54216
1 8301
2 57595
1 59326
1 52025
2 35990
2 38623
1 82933
1 83663
2 7861
1 40404
1 10675
2 20065
2 95656
2 1325
1 84838
2 76942
1 81250
1 2157
1 4004
2 3999
2 57906
2 86271
2 58141
2 35444
1 32827
2 18965
1 75844
2 27554
2 86653
2 10172
2 73198
2 82880
1 52471
2 48743
1 54530
1 60486
1 27629
1 61295
2 37730
2 5119
2 89617
2 83783
1 58456
2 7916
2 75282
2 77528
1 60314
1 72478
2 93029
1 40384
2 67105
2 96016
1 28745
1 35528
2 36737
1 14471
1 80993
2 15283
1 51300
2 95156
1 51128
2 19220
2 51275
2 11710
2 34887
2 8298
2 34595
2 18057
1 16045
1 76005
2 21943
1 78495
1 61656
1 53128
1 18117
2 54041
1 80560
2 81805
2 33782
1 27382
2 38855
1 4425
1 50588
2 90283
1 57425
1 45181
2 17130
1 33479
1 14700
1 16953
2 78139
1 30714
1 31623
1 73075
2 63440
1 928
1 60514
1 13880
2 94339
2 36937
2 56214
1 51263
1 6478
2 89342
2 8845
2 78563
1 33749
1 87078
1 57793
2 84450
2 31370
1 74400
1 30999
1 57715
2 95100
1 5819
2 47507
1 94501
2 4329
2 3951
1 73768
1 92238
2 29118
2 1093
2 94546
2 40965
2 56760
2 4803
2 25438
1 77910
1 86818
2 89292
2 40558
2 9302
1 40955
1 62652
1 19954
1 94880
2 24708
1 69526
1 67369
1 85707
2 40696
1 59741
2 55942
1 94200
2 52689
2 48552
1 44234
1 44019
1 60640
1 49209
2 93976
2 99575
2 68193
2 86843
1 8748
1 36481
2 99591
1 50166
1 48197
1 23745
2 35094
1 6000
1 85950
1 93919
1 2066
1 77995
2 42249
2 75430
1 60283
2 52846
2 3095
2 12716
2 56489
2 56019
2 73213
1 55788
2 95916
1 6114
1 47459
2 44151
2 44721
1 7134
2 32678
1 36202
1 54092
1 74295
1 4379
2 28295
1 50973
2 36805
1 26145
2 26297
2 59436
2 83870
2 16157
1 36978
2 85475
2 50093
2 4014
1 46395
1 12776
2 15373
1 76960
1 14525
1 92777
2 51369
1 15454
2 86816
1 10144
2 22255
2 81853
1 96118
1 55805
1 6248
2 99170
2 45632
2 62587
2 18042
1 57495
2 2360
1 54065
1 58273
2 33690
1 39539
1 64068
1 45580
1 29234
1 36883
2 25433
2 78304
1 48736
2 6716
1 40281
2 99602
1 8273
1 11188
2 38502
2 62269
2 35778
1 79037
1 79040
1 9153
2 10408
2 90336
1 61491
2 16409
2 23641
2 88885
1 87089
1 77972
2 72827
1 98620
2 37142
1 1766
1 19145
2 30351
2 40143
2 52730
2 44143
2 97454
1 45730
2 52180
2 35029
2 35270
1 33733
2 20354
1 85703
2 59795
2 83864
2 84047
1 74870
1 7052
2 72220
1 62374
2 41955
1 5598
1 87400
2 30480
1 18353
2 30842
1 45166
2 93394
2 92641
1 19151
2 42964
1 82588
2 23281
1 19659
2 37843
2 40486
2 91438
1 54699
1 55898
1 22633
2 14843
2 43431
1 2246
2 56739
1 30012
1 50764
1 17005
2 75768
2 68871
1 68824
1 17289
1 4068
2 75701
1 86541
1 32530
2 14833
2 86507
2 23600
2 86288
2 46991
2 63378
2 64563
2 14155
1 97797
1 38376
2 36997
2 40236
1 61612
1 6812
2 32426
2 70591
1 38257
1 97212
1 43695
2 94691
2 96122
2 88627
1 63609
1 45488
1 69324
2 10322
1 40315
1 34155
1 37198
1 97852
2 76198
2 88251
2 57484
1 64981
1 56734
2 40212
2 37317
2 88816
2 47186
1 67509
2 56829
1 21
2 90209
1 60523
1 56077
2 49860
1 41989
1 17285
1 44951
1 40399
1 30368
1 13319
1 7522
2 40693
1 82476
1 43409
1 68432
1 77442
1 15908
2 95895
2 96384
2 78616
2 4545
1 7163
2 62278
2 97861
1 50304
2 68167
1 85567
1 33146
2 43740
1 97417
1 59334
2 44871
1 90962
1 33625
2 21043
1 45794
1 33251
2 23716
1 63478
1 57418
1 49557
2 81058
1 40363
1 14375
1 10117
1 15146
2 91571
2 26144
1 78534
1 21156
1 78216
1 28526
2 42867
1 52241
1 73863
2 47293
2 8661
2 55624
1 84493
1 78743
1 33988
1 22510
2 93462
2 40100
1 70858
1 79858
1 20294
1 47366
1 47782
2 56454
2 13592
2 27764
2 35378
1 22967
2 78018
2 53400
2 68476
1 53371
1 70093
2 30485
1 932
