999 318 334
2 16931
3 16109
1 65832
1 51559
3 43566
2 62884
1 67442
2 82439
2 62826
2 83012
1 31731
2 290
3 6461
3 87484
3 80703
3 68228
2 906
2 35651
3 41208
2 18955
1 9661
1 16142
2 7198
2 80034
3 84702
1 34444
3 74123
3 91114
1 62063
3 23601
2 46455
1 76413
2 80775
3 70503
1 79684
2 59527
1 60657
1 41865
3 99541
3 49911
2 63604
3 46003
2 89543
1 62411
3 8696
2 29011
2 16179
3 97507
1 12446
2 79762
2 80127
1 5721
3 56927
2 19714
1 595
3 26978
2 22286
3 57836
1 91902
3 39374
1 24843
1 40498
2 76316
1 1731
1 82300
2 52123
1 51499
2 77064
1 4317
2 60552
1 6536
2 22014
3 1549
2 54655
1 43051
2 10460
1 92189
1 81962
2 17410
3 55482
1 24263
1 18057
1 11708
3 67168
3 62325
2 58272
3 86793
2 70489
1 92879
2 70137
3 7304
3 76620
2 20695
1 2880
1 33782
1 10918
1 58397
2 97428
2 90176
2 6169
3 7631
2 24498
3 36850
3 94813
2 34774
2 64227
1 52795
2 14433
1 76401
2 34721
1 94873
1 42681
1 79873
2 85842
2 57748
3 15995
1 75840
3 90895
2 38394
1 42020
3 85405
3 68466
2 88192
2 99899
3 94092
1 41130
2 7262
3 90057
1 65075
1 25074
2 42669
2 91369
1 19132
1 62548
2 40488
2 56748
3 24768
2 37841
1 7492
1 86882
1 71053
2 24093
1 99624
2 24871
1 24691
1 33494
3 89478
3 85199
2 84974
2 78815
1 52753
2 78880
1 19729
2 67934
2 10077
1 37938
1 48228
1 76376
2 84809
1 8970
1 39608
3 69113
2 65373
2 31875
3 89222
1 98499
3 56592
2 54847
3 61712
1 93
2 39334
2 5638
2 32336
1 54709
2 84
3 27062
1 73395
1 20700
3 98954
3 59190
2 17845
1 33707
2 62972
1 36662
3 51789
2 15493
1 35106
3 10378
2 4973
2 59207
2 64788
3 11673
2 96948
3 30368
1 83061
2 97549
3 19563
1 31828
1 31039
1 22363
2 95248
1 2672
2 67205
3 86030
3 94423
1 19765
2 81208
1 79474
2 64829
1 24635
1 38284
1 17463
3 75438
1 31027
3 10286
1 85722
2 55794
2 40919
2 69092
1 11210
2 340
3 11470
3 57870
3 24120
2 14213
3 89337
2 80069
3 75566
2 98538
3 45379
3 19112
3 6182
2 93201
3 56021
3 93939
2 98858
3 34481
1 73341
2 20707
3 77857
1 17250
1 65552
1 74112
1 73550
3 65898
2 10905
1 81248
2 95732
1 49687
1 85246
1 65626
2 85706
1 55030
2 58601
2 39367
1 40500
1 81811
2 54728
1 82445
2 6604
3 33869
2 60919
1 93054
1 37113
2 39060
1 66424
3 17640
3 10968
3 62805
3 20323
1 25935
2 38909
3 44257
3 37451
3 99746
3 76357
1 91485
1 19883
1 59243
1 67125
2 57819
2 69482
2 94609
1 1316
1 62668
3 15031
3 58912
2 26026
2 49492
2 41742
3 74667
1 79906
1 95749
1 59857
2 62857
3 57984
1 2428
1 56957
1 6138
3 10698
3 32713
3 13106
2 2005
1 35399
3 96327
3 21591
3 78156
3 66151
3 42250
2 49752
2 77699
2 25738
1 66499
1 53982
3 91028
3 84216
1 90932
3 97586
1 77761
2 23802
3 88349
3 33884
2 84256
1 45589
3 44361
2 35611
1 25929
3 11325
3 78497
1 14156
3 68212
1 42275
3 47133
2 23406
1 11121
2 30878
1 68385
3 64390
2 51020
3 60907
1 81443
3 66921
1 3583
2 16719
3 3879
1 88966
3 62816
2 74965
3 36077
2 84931
3 93749
1 3124
2 39550
1 59175
3 67503
1 56216
1 39725
1 75320
3 13628
1 90099
3 66940
3 92466
2 25257
3 36906
3 65018
3 15741
1 40121
1 29780
2 1159
2 32438
2 84144
3 24954
1 95618
2 17521
2 35385
2 24079
3 72843
1 74830
1 67616
2 53623
3 54015
2 38877
3 65880
3 20564
2 22711
1 78385
1 88511
2 38877
2 4158
1 80753
2 70706
2 21256
1 81762
2 96109
2 98414
1 53241
1 54222
2 62703
1 46230
2 63189
1 36782
2 59278
3 74476
2 59673
2 96003
2 53348
2 25502
1 87818
3 4508
2 1084
2 38388
1 40429
1 64525
1 58277
2 9779
2 673
3 78550
3 78067
1 51467
1 3526
1 13068
3 16528
1 78425
1 16864
1 91572
1 15837
2 39316
3 2775
2 72443
2 99472
1 48288
1 30583
2 66489
2 49082
2 26678
1 13791
1 58488
1 3030
3 18922
2 43334
1 32657
3 77239
1 15721
3 53662
3 93780
2 14071
2 42565
3 96495
3 25637
2 87148
2 35898
3 74507
3 4411
3 88439
1 82278
2 9039
1 54154
2 50393
3 6952
3 62062
1 86849
2 73445
1 31492
3 35476
2 98487
1 52729
1 48246
2 7728
1 40227
2 72768
1 19931
1 10559
1 1405
1 26355
2 97013
1 35246
1 9823
1 83241
3 45615
1 29695
2 67765
3 55172
1 70519
2 34208
1 11660
1 96730
3 73471
1 41243
1 99991
3 35751
2 56563
1 98103
3 60230
1 22546
3 71889
3 44788
2 17357
2 11535
2 36685
3 77421
2 13207
3 6927
2 87261
3 7620
1 69935
3 41627
2 18698
2 884
1 94362
2 34326
2 41726
3 73000
2 26930
1 9249
1 60766
3 40995
1 95468
2 27486
1 18865
1 24734
2 90969
2 41340
2 162
3 69378
3 5351
3 95154
2 86023
3 20817
2 17110
2 52041
3 52568
1 15066
3 51977
2 97104
2 73743
3 4959
1 66546
1 38629
3 16869
3 79272
2 42050
3 69049
3 94990
2 36536
1 90893
2 17087
3 85162
1 2780
3 33550
2 28077
2 46378
3 2764
2 72959
2 33030
2 81579
3 1763
1 31233
2 86010
1 19555
1 92432
3 92182
2 39443
2 89171
3 36063
1 85069
2 66189
1 47035
1 36608
1 13222
3 57663
3 63992
1 66597
1 75464
2 80025
3 58163
2 9753
2 53471
1 28761
2 78433
3 93414
3 62706
2 60423
3 12552
2 22392
2 74537
3 80844
2 65369
1 85256
3 65236
1 39283
3 18012
2 84286
2 16324
1 84456
3 70287
1 98701
2 47089
1 62749
3 82854
3 69442
1 72415
3 58313
1 12733
2 4742
1 49726
2 36507
3 70579
1 89758
3 80358
1 6309
3 85146
2 63472
3 95974
3 51688
2 69816
3 81287
2 65337
3 92274
2 19021
1 39059
1 98617
3 91495
1 76150
1 82727
2 90742
2 21455
3 21368
3 24246
1 96324
2 44838
2 88070
1 2907
3 68283
1 29891
1 30393
2 86068
3 27020
1 87862
3 36
1 28337
2 41793
3 44173
1 50808
2 2434
3 83826
1 99893
3 32772
1 78051
2 51820
2 36197
3 41650
3 33882
1 7140
3 5163
1 91216
2 55060
1 22767
3 73259
3 71858
3 50222
1 31200
3 89051
2 86970
3 67766
2 89371
3 16989
1 25025
3 28000
2 17366
1 54236
2 45619
1 3807
1 36111
1 88633
1 89336
1 64873
3 60007
2 56414
1 63468
2 25423
3 25498
2 38611
3 86269
2 17464
2 63512
1 95956
2 11103
3 55998
2 38283
2 8568
1 26875
3 47956
3 2564
3 5347
1 46015
3 14771
2 70635
3 77248
2 82190
3 93439
1 36352
2 86218
3 29534
3 6894
2 72056
1 7783
3 88009
2 58502
3 32325
1 51765
1 57235
1 76568
2 38886
2 83273
1 62481
1 86078
1 80343
1 85360
2 95449
1 96997
3 78430
1 28598
3 35611
1 97613
2 33300
1 81892
1 61750
2 47025
1 66567
3 35074
2 9887
2 37695
3 45275
1 89551
1 64186
2 82577
2 90135
1 95994
2 62278
3 5443
1 54646
3 90132
3 32463
3 55106
2 22703
2 56901
1 41783
2 18152
2 45673
3 61408
1 56240
3 38066
1 6375
2 81834
2 72442
2 77328
3 16575
2 75990
3 49415
2 92333
1 53148
3 60213
1 59855
3 59127
1 88697
2 13462
1 44172
2 74380
3 91285
1 72943
1 95275
3 29527
1 50446
2 57282
1 12711
3 79559
2 76839
3 38947
1 79265
2 89470
3 97141
3 94555
2 32171
2 62112
1 87128
3 32521
1 86206
2 7898
2 56035
3 5720
1 2657
1 99962
3 83009
2 28736
1 32494
1 75821
3 75250
2 25145
2 91267
3 23039
2 19759
1 70604
3 5467
1 46502
2 92195
3 96064
2 76630
2 73586
3 68249
3 95545
2 66492
2 65606
3 69596
1 70129
2 32856
3 33432
1 93431
2 28499
2 28326
1 60826
3 64991
2 81154
1 57427
2 99964
2 58335
2 12022
2 88688
3 57262
3 24020
1 50144
2 4576
2 12233
1 5896
1 81214
1 43132
3 37208
3 11371
2 85061
1 90556
3 62222
3 21143
1 43263
3 81964
3 19188
1 92012
3 24721
3 23407
3 88033
3 808
1 89563
3 22414
1 26280
3 21461
3 58013
2 254
2 64405
2 47080
2 95144
3 34285
3 71616
2 99145
3 21296
2 52972
1 23835
3 95208
3 41331
1 88504
1 82615
1 84298
3 69782
1 79070
2 6535
1 59070
1 28453
1 7800
1 15230
1 82343
1 10300
2 69320
3 52930
1 62142
3 32790
1 37185
3 72274
3 83235
2 22898
3 1918
2 61333
2 88663
2 92350
2 93981
2 75437
1 89000
3 47128
3 90537
2 23477
1 66336
2 31586
3 46373
3 48414
2 13742
1 11013
3 40870
1 86308
3 6481
2 73824
2 18388
3 47799
1 56727
2 92844
3 15344
3 65082
1 18501
2 63718
1 34674
2 75591
3 82013
2 52322
1 82653
1 60625
3 47169
2 64183
1 81117
3 83111
2 2069
2 61564
1 12308
2 27796
3 64150
3 71637
2 77406
1 68291
1 37362
2 90381
1 43627
1 39673
1 15998
3 56287
3 59050
2 37309
3 87135
3 91853
1 12196
2 78458
3 4354
3 31725
2 45097
3 70101
2 3760
3 45152
2 35797
1 65761
1 45733
2 52954
1 19661
3 76385
1 78656
3 86708
3 80786
3 25407
3 75397
3 73445
1 26807
1 15480
2 35511
1 42446
3 99861
2 80484
1 72730
1 6794
3 88036
3 95348
1 47608
1 65462
3 7150
2 51263
1 69482
2 81116
2 14568
2 53878
1 90722
1 9267
1 80785
2 30125
3 56498
2 65322
3 44458
3 48213
2 99385
2 85439
3 52526
3 62617
2 45168
1 29039
1 39438
2 42559
2 34015
1 85898
2 90134
