997 319 322
3 79946
1 69284
1 84625
2 55685
2 59977
2 91274
2 26883
3 94579
2 45941
2 89956
2 48664
3 51545
1 54668
2 5391
2 14685
2 87227
3 13732
2 4604
3 98456
2 2961
2 73573
3 48869
2 32111
2 53773
2 28332
2 67443
1 23593
1 70375
2 26647
2 9472
1 44343
2 86386
2 15288
3 57865
3 32948
1 90325
1 68790
2 32089
3 73798
3 9432
1 49150
1 11233
2 19789
2 94966
3 80058
1 41476
3 46888
3 72403
1 36620
1 34665
1 7281
3 86539
3 34951
2 36761
3 20460
2 73845
2 76701
3 78659
1 34414
3 76334
2 59521
3 76662
2 68786
3 72465
3 47426
2 26191
1 57583
2 77142
2 8526
3 13118
3 16068
3 17274
2 69999
3 59903
2 99445
1 61490
2 65073
3 85768
3 74007
1 68948
3 73343
2 50862
2 23126
1 24085
2 91885
2 70534
1 73593
1 49629
1 86720
1 79528
1 7889
2 66533
2 60528
1 75148
2 93545
1 4165
1 97834
2 73129
2 20671
1 1256
1 25036
2 58971
3 83855
3 7170
2 16178
3 94039
1 66350
3 42808
2 58407
3 30477
1 62349
1 24376
1 8020
1 86654
1 88597
2 71786
3 758
2 15428
3 24997
1 59017
2 92930
1 26757
1 52030
2 30605
2 60447
1 7371
3 70015
2 48669
1 17551
3 48790
3 67097
2 15121
3 24444
2 54104
1 53535
1 56227
2 43298
1 60614
2 71736
2 7109
2 56645
1 24400
3 64368
3 9349
2 62119
2 14803
3 14370
2 48457
3 26259
1 94310
2 11635
1 65518
3 67097
2 76136
2 64157
3 14551
2 54049
1 90279
3 44530
1 30538
1 53845
2 12407
1 2660
3 44105
2 96956
1 21437
3 16230
3 39464
3 340
3 39967
1 68715
3 64072
3 12501
3 97141
2 44631
2 5572
1 675
3 89392
3 5864
2 97270
3 43310
3 42449
3 59625
1 20374
1 87098
3 53109
1 74727
2 70889
3 81918
1 57077
3 27485
3 76357
1 62416
1 69340
2 31150
3 98096
3 91930
3 99246
3 23272
1 26275
3 17310
2 93293
3 97890
1 45375
3 34327
2 51413
1 80768
1 75558
3 38616
1 52299
2 70932
3 71930
2 5972
3 24262
1 7605
2 49078
3 94624
3 51889
3 90131
2 33913
2 81008
3 43014
2 43798
2 73110
2 46365
3 56428
1 60779
2 98318
2 74909
2 55088
2 59755
3 56052
2 37325
3 91693
1 7304
2 93837
3 90368
1 60993
3 16116
3 25685
3 49376
2 4527
1 61231
2 52862
1 61869
3 99876
3 38186
3 79394
1 73565
2 25846
1 60240
1 71368
1 14276
1 92123
2 80814
3 26207
2 14655
3 58792
1 39839
1 9596
1 84451
2 4655
1 2498
3 13251
2 24814
2 5096
2 4601
3 22077
2 4520
1 90000
2 81864
3 65024
3 71191
1 22320
2 19229
3 21746
3 43863
3 79231
3 47115
1 85117
2 10205
1 47269
1 86684
2 95310
1 69900
3 16960
1 71175
1 27985
1 45095
1 29818
2 87014
1 32292
1 75295
3 18984
1 88857
3 45654
1 40478
3 61278
3 57933
3 76756
1 76972
1 93514
3 53353
2 16543
3 9600
2 69029
3 45102
3 3915
3 77295
2 40976
2 30563
2 9969
2 82977
3 48257
3 12130
2 71896
1 72490
2 74237
1 61841
3 80950
3 52772
3 24345
2 92893
2 8701
2 53055
2 29271
1 26182
2 68584
3 69024
2 31487
3 41745
3 73818
2 86814
2 7934
2 72407
1 24908
2 82711
3 44050
2 44783
2 25693
2 71482
1 68522
3 35554
1 85894
3 47239
3 46446
1 11798
1 8295
3 99062
3 60443
3 15946
2 92688
2 82985
2 32215
2 31868
2 94655
1 77297
3 49044
2 61280
3 16231
2 95529
1 26352
3 4753
1 98963
1 21983
3 22659
2 25596
1 23548
3 43371
3 49451
1 78440
2 41381
2 90865
1 69851
1 66466
3 75949
2 97111
1 15714
3 20148
1 67579
1 54536
3 6205
2 83946
3 6780
2 73713
3 58520
3 65994
1 32835
2 82657
2 41116
3 89251
1 63293
2 62796
3 33376
3 43553
1 27794
3 89891
2 20718
1 37640
1 11440
2 71229
3 64597
1 48492
3 24866
3 51077
2 75924
1 94546
1 15879
3 21280
1 86262
3 87859
1 55422
3 69904
3 96043
2 51324
2 33574
3 32227
3 75765
1 7436
1 88906
3 43037
3 38728
3 48938
2 34122
1 95018
3 3659
2 7627
2 89622
1 10271
2 4842
3 8589
2 72310
2 80873
2 57335
3 73923
2 58921
2 16166
1 56841
1 86162
2 21715
2 67246
3 69729
3 42594
3 71132
2 96645
2 1360
3 51007
1 34445
3 63281
2 19779
2 91186
3 75802
2 89985
3 57445
2 87150
1 61093
1 74192
2 95871
2 82819
1 59736
1 12510
2 79342
2 47698
1 16828
3 90748
3 14311
2 318
2 51689
3 87481
2 39045
2 69485
1 98983
2 41848
1 48161
1 99612
1 10287
3 64795
2 75690
1 71715
3 52867
2 62468
3 4690
1 43763
1 30071
3 98052
2 12727
2 63453
1 7799
1 12854
3 87606
3 35404
3 19400
1 23518
3 22678
1 19514
1 90699
2 35609
2 26011
2 34894
3 87790
2 49511
1 57878
2 18548
1 8672
1 53362
3 95862
3 26552
1 83022
1 90601
1 14198
2 77617
1 61762
2 35884
3 44774
2 58675
1 53801
2 57780
2 84921
1 96146
3 71463
2 16902
1 64228
2 44790
2 44374
3 75826
3 70748
2 80885
1 46665
3 24272
3 23866
3 99356
1 3669
1 54232
1 3801
2 56987
3 19336
2 37771
3 1104
1 6817
2 42788
1 79812
1 75729
3 23101
1 37112
2 82732
1 80525
2 46862
3 93536
1 86622
3 44409
1 44453
1 32383
1 72764
2 62223
2 7391
2 93887
3 91032
2 14420
3 52760
2 87232
2 78997
2 97208
1 78440
2 51936
3 99126
1 31461
1 14570
2 80686
1 31295
3 98277
1 96558
1 67046
1 94376
1 98134
1 96823
3 75014
3 55242
2 34498
3 25996
3 2695
1 43112
3 5752
2 93476
2 32158
1 67710
2 43505
2 69432
3 67539
2 61016
1 81208
1 35925
1 5816
3 84961
1 92438
1 49215
3 47296
1 48653
1 51252
2 63691
1 23758
1 50675
1 18002
1 72981
2 25981
2 21922
1 95457
1 8127
3 13563
1 62276
1 59273
1 41198
2 87334
1 55707
2 25001
3 98043
1 9615
3 72461
1 99915
3 81543
1 73089
1 65391
1 79546
2 72120
2 76709
1 24763
1 84828
2 2721
2 27029
3 2159
3 23356
1 95190
2 43971
1 73509
3 99952
1 20971
1 82761
1 21056
2 63673
3 76422
1 80211
2 92296
2 46928
2 44606
3 23764
1 30553
1 98305
3 13154
2 76472
2 76688
1 11029
3 3564
1 60022
2 20672
3 51456
3 47425
2 62400
1 58242
1 86275
2 99170
1 62991
1 71577
3 73583
1 30504
3 16230
3 62146
3 44082
1 62756
2 7363
3 71923
1 87956
3 13009
2 67188
1 36608
3 50849
3 45053
3 73369
3 57234
1 64565
3 79692
3 28399
3 41174
2 89226
2 58504
1 51195
1 31615
2 33967
2 82057
2 49645
2 67984
1 40708
1 16149
1 10088
1 55652
2 95011
1 74213
3 46422
3 6581
1 98757
3 39912
3 64529
3 99778
2 72730
2 34578
3 79775
2 7702
1 63500
1 27959
2 95639
2 64227
1 36725
1 73283
3 89791
2 56118
2 25196
3 40577
3 41090
2 53450
2 67462
1 97698
1 18749
3 83249
1 81165
3 94261
2 76004
1 40948
1 31841
1 77352
3 29727
3 52535
2 33279
1 61262
2 92416
3 40188
3 46704
3 50787
2 86082
1 99165
2 97009
1 34979
3 20231
3 39695
2 67407
3 26952
3 13692
3 96680
3 77325
2 90134
2 22341
1 63154
1 33751
3 43162
3 78892
1 68546
1 7194
2 26033
1 50755
3 95094
1 43485
3 81324
2 16417
2 91332
1 45789
2 95524
1 56157
1 47036
2 85009
3 63841
1 16335
2 97451
3 33077
2 57146
2 8265
2 16795
1 27168
2 86959
2 77695
2 15403
2 94914
3 98784
2 39723
1 33304
2 7413
2 70632
2 80991
2 33581
3 12735
1 41771
1 55477
1 62502
2 27222
1 88857
1 15604
1 36680
2 85597
3 67808
3 13914
2 27229
1 40406
2 93854
2 33265
1 89869
1 6015
3 38826
2 61333
2 21956
1 45106
2 48098
1 73643
2 85202
1 5643
2 47770
3 48375
3 17755
2 26326
2 13628
3 21042
1 75277
3 59119
2 17595
2 81529
3 19469
2 33261
1 17779
2 2163
1 90595
1 50078
1 99518
3 61395
3 1466
1 24440
2 87183
3 65147
1 54504
1 69812
3 15459
1 42830
1 94477
2 32164
2 4266
3 14641
2 5792
3 9646
2 12218
1 15612
1 22607
1 63447
3 12304
3 6544
1 78276
1 67882
2 32071
1 93283
3 77357
3 20224
2 72644
1 12227
2 29263
2 64785
1 76312
2 68331
3 28027
2 38541
2 93996
1 42652
1 89931
1 35290
2 82725
1 10359
1 96983
2 88392
3 5738
3 19379
1 45075
2 68529
3 24475
1 32281
1 38942
1 16852
3 22603
1 93078
1 82474
2 20489
1 31453
1 84058
1 45577
1 67729
3 22778
2 22798
1 67906
2 10082
3 86582
2 20243
1 94762
2 8904
2 26079
1 58746
2 22636
2 37221
2 45942
2 92388
1 31989
3 70914
2 78044
2 17901
3 6899
2 55022
2 51291
1 61306
3 82111
2 30887
1 78394
3 62529
3 40016
1 36304
2 57114
1 26681
3 82791
1 17466
1 36492
1 81755
3 41662
1 96581
3 82715
1 26893
2 6096
2 84656
3 38541
1 5446
2 599
2 17892
3 78980
2 26240
3 7738
3 87616
3 80825
3 82108
2 2581
3 98107
3 69189
1 45302
2 54901
3 6576
3 19084
1 16178
3 2750
2 98114
3 80719
1 9907
2 6637
3 6665
2 45919
1 3199
3 13194
1 45571
1 31877
2 81501
1 52997
1 11935
3 38530
2 9820
2 73246
2 54663
3 32463
1 87873
3 98262
2 29791
1 21948
2 42116
2 95604
3 38586
2 60539
1 25332
2 14083
3 12214
1 75653
1 27963
3 20356
2 78502
2 83217
3 40941
2 16292
3 57264
3 40107
2 73846
2 54108
1 88433
1 35876
2 74394
2 72981
3 89483
1 59781
2 42741
1 92455
3 62933
1 77472
2 87493
3 75691
